000 193 169 368 00000000 0 11  passive_laptop 
000 148 164 333 00000030 0 11  passive_laptop 
000 157 167 342 00000060 0 11  passive_laptop 
000 162 169 347 00000090 0 11  passive_laptop 
000 162 169 347 00000120 0 11  passive_laptop 
000 150 186 335 00000150 0 11  passive_laptop 
000 148 186 331 00000180 0 11  passive_laptop 
000 151 178 334 00000210 0 11  passive_laptop 
000 144 176 330 00000240 0 11  passive_laptop 
000 139 179 325 00000270 0 11  passive_laptop 
000 150 178 336 00000300 0 11  passive_laptop 
001 141 179 327 00000330 0 11  passive_laptop 
001 135 179 321 00000360 0 11  passive_laptop 
001 147 179 333 00000390 0 11  passive_laptop 
001 137 179 323 00000420 0 11  passive_laptop 
001 142 179 328 00000450 0 11  passive_laptop 
000 137 180 323 00000480 0 11  passive_laptop 
000 133 182 319 00000510 0 11  passive_laptop 
000 139 182 325 00000540 0 11  passive_laptop 
000 139 182 325 00000570 0 11  passive_laptop 
000 133 182 319 00000600 0 11  passive_laptop 
000 142 181 329 00000630 0 11  passive_laptop 
000 135 182 322 00000660 0 11  passive_laptop 
000 135 187 319 00000690 0 11  passive_laptop 
000 138 187 325 00000720 0 11  passive_laptop 
000 138 182 325 00000750 0 11  passive_laptop 
000 132 173 320 00000780 0 11  passive_laptop 
001 129 174 317 00000810 0 11  passive_laptop 
000 131 145 327 00000840 0 11  passive_laptop 
000 137 148 333 00000870 0 11  passive_laptop 
000 113 140 309 00000900 0 11  passive_laptop 
000 114 140 313 00000930 0 11  passive_laptop 
000 150 152 332 00000960 0 11  passive_laptop 
000 146 155 328 00000990 0 11  passive_laptop 
000 149 155 331 00001020 0 11  passive_laptop 
000 147 155 327 00001050 0 11  passive_laptop 
000 144 158 329 00001080 0 11  passive_laptop 
000 137 162 317 00001110 0 11  passive_laptop 
000 139 162 323 00001140 0 11  passive_laptop 
000 139 162 323 00001170 0 11  passive_laptop 
000 146 164 327 00001200 0 11  passive_laptop 
000 144 170 322 00001230 0 11  passive_laptop 
000 140 168 321 00001260 0 11  passive_laptop 
000 142 168 323 00001290 0 11  passive_laptop 
000 137 173 318 00001320 0 11  passive_laptop 
000 145 164 326 00001350 0 11  passive_laptop 
000 134 203 310 00001380 0 11  passive_laptop 
000 141 201 320 00001410 0 11  passive_laptop 
000 131 196 306 00001440 0 11  passive_laptop 
000 147 130 338 00001470 0 11  passive_laptop 
000 142 130 337 00001500 0 11  passive_laptop 
000 131 140 324 00001530 0 11  passive_laptop 
001 117 141 292 00001560 0 11  passive_laptop 
000 158 162 317 00001590 0 11  passive_laptop 
000 154 180 309 00001620 0 11  passive_laptop 
000 150 178 305 00001650 0 11  passive_laptop 
000 150 178 301 00001680 0 11  passive_laptop 
001 145 179 296 00001710 0 11  passive_laptop 
001 145 179 296 00001740 0 11  passive_laptop 
001 145 179 296 00001770 0 11  passive_laptop 
000 109 112 279 00001800 0 11  passive_laptop 
000 094 125 266 00001830 0 11  passive_laptop 
000 114 126 286 00001860 0 11  passive_laptop 
000 131 128 295 00001890 0 11  passive_laptop 
000 172 177 315 00001920 0 11  passive_laptop 
000 178 169 319 00001950 0 11  passive_laptop 
185 083 543 376 00000000 1 64  active_laptop 
225 028 555 324 00000030 1 64  active_laptop 
227 041 557 337 00000060 1 64  active_laptop 
225 041 557 338 00000090 1 64  active_laptop 
225 041 557 339 00000120 1 64  active_laptop 
247 029 579 327 00000150 1 64  active_laptop 
247 022 585 321 00000180 1 64  active_laptop 
239 025 577 329 00000210 1 64  active_laptop 
237 013 579 317 00000240 1 64  active_laptop 
238 009 580 313 00000270 1 64  active_laptop 
240 021 584 327 00000300 1 64  active_laptop 
241 008 585 314 00000330 1 64  active_laptop 
241 006 585 307 00000360 1 64  active_laptop 
242 019 586 322 00000390 1 64  active_laptop 
240 007 584 310 00000420 1 64  active_laptop 
239 010 583 313 00000450 1 64  active_laptop 
239 010 583 313 00000480 1 64  active_laptop 
242 008 583 308 00000510 1 64  active_laptop 
242 008 583 311 00000540 1 64  active_laptop 
242 011 583 314 00000570 1 64  active_laptop 
242 007 583 306 00000600 1 64  active_laptop 
244 016 585 318 00000630 1 64  active_laptop 
241 009 586 311 00000660 1 64  active_laptop 
241 009 586 311 00000690 1 64  active_laptop 
244 012 589 314 00000720 1 64  active_laptop 
241 016 579 316 00000750 1 64  active_laptop 
236 003 583 306 00000780 1 64  active_laptop 
236 003 583 302 00000810 1 64  active_laptop 
199 000 550 304 00000840 1 64  active_laptop 
199 003 550 305 00000870 1 64  active_laptop 
202 000 548 275 00000900 1 64  active_laptop 
204 000 550 282 00000930 1 64  active_laptop 
212 030 542 319 00000960 1 64  active_laptop 
215 022 542 312 00000990 0 11  passive_laptop 
212 029 544 319 00001020 1 64  active_laptop 
212 026 544 315 00001050 1 64  active_laptop 
216 016 560 312 00001080 1 64  active_laptop 
217 011 558 302 00001110 1 64  active_laptop 
217 011 558 302 00001140 1 64  active_laptop 
217 014 558 306 00001170 1 64  active_laptop 
233 022 558 311 00001200 1 64  active_laptop 
232 021 562 312 00001230 1 64  active_laptop 
232 021 562 309 00001260 1 64  active_laptop 
232 019 565 316 00001290 1 64  active_laptop 
234 016 565 308 00001320 1 64  active_laptop 
228 020 559 313 00001350 1 64  active_laptop 
261 011 596 304 00001380 1 64  active_laptop 
257 021 592 314 00001410 1 64  active_laptop 
240 011 575 304 00001440 1 64  active_laptop 
196 018 526 317 00001470 1 64  active_laptop 
193 008 525 307 00001500 1 64  active_laptop 
213 000 538 291 00001530 1 64  active_laptop 
191 000 502 258 00001560 1 64  active_laptop 
195 028 492 288 00001590 1 64  active_laptop 
205 032 504 284 00001620 1 64  active_laptop 
206 027 505 279 00001650 1 64  active_laptop 
206 027 505 279 00001680 1 64  active_laptop 
194 024 506 276 00001710 1 64  active_laptop 
194 024 506 276 00001740 1 64  active_laptop 
185 024 512 277 00001770 1 64  active_laptop 
127 000 484 248 00001800 1 64  active_laptop 
146 000 503 235 00001830 1 64  active_laptop 
152 000 496 259 00001860 1 64  active_laptop 
152 011 483 278 00001890 1 64  active_laptop 
222 070 503 327 00001920 1 64  active_laptop 
184 075 490 329 00001950 1 64  active_laptop 
575 206 610 300 00000000 0 3  passive_bottle 
581 164 616 258 00000030 0 3  passive_bottle 
581 170 616 264 00000060 0 3  passive_bottle 
581 170 616 264 00000090 0 3  passive_bottle 
586 170 620 264 00000120 0 3  passive_bottle 
607 159 639 260 00000150 0 3  passive_bottle 
607 159 639 256 00000180 0 3  passive_bottle 
594 157 632 259 00000210 0 3  passive_bottle 
598 147 637 249 00000240 0 3  passive_bottle 
598 143 637 238 00000270 0 3  passive_bottle 
598 152 639 247 00000300 0 3  passive_bottle 
604 144 639 239 00000330 0 3  passive_bottle 
604 144 639 235 00000360 0 3  passive_bottle 
604 150 639 246 00000390 0 3  passive_bottle 
604 141 639 237 00000420 0 3  passive_bottle 
604 146 639 242 00000450 0 3  passive_bottle 
603 150 638 246 00000480 0 3  passive_bottle 
606 145 639 243 00000510 0 3  passive_bottle 
606 148 639 243 00000540 0 3  passive_bottle 
605 151 638 246 00000570 0 3  passive_bottle 
603 143 639 238 00000600 0 3  passive_bottle 
603 152 639 248 00000630 0 3  passive_bottle 
603 147 639 245 00000660 0 3  passive_bottle 
603 147 639 245 00000690 0 3  passive_bottle 
603 149 639 252 00000720 0 3  passive_bottle 
601 155 639 258 00000750 0 3  passive_bottle 
596 137 639 240 00000780 0 3  passive_bottle 
600 139 639 240 00000810 0 3  passive_bottle 
568 131 610 230 00000840 0 3  passive_bottle 
570 132 609 231 00000870 0 3  passive_bottle 
565 108 604 211 00000900 0 3  passive_bottle 
568 113 607 216 00000930 0 3  passive_bottle 
563 159 602 256 00000960 0 3  passive_bottle 
563 153 602 246 00000990 0 3  passive_bottle 
565 160 600 248 00001020 0 3  passive_bottle 
565 155 600 248 00001050 0 3  passive_bottle 
573 144 613 236 00001080 0 3  passive_bottle 
578 144 618 236 00001110 0 3  passive_bottle 
578 144 618 236 00001140 0 3  passive_bottle 
578 147 617 239 00001170 0 3  passive_bottle 
578 151 617 245 00001200 0 3  passive_bottle 
580 152 617 248 00001230 0 3  passive_bottle 
581 149 619 248 00001260 0 3  passive_bottle 
583 152 621 249 00001290 0 3  passive_bottle 
583 152 621 249 00001320 0 3  passive_bottle 
579 145 617 242 00001350 0 3  passive_bottle 
618 156 639 253 00001380 0 3  passive_bottle 
618 159 639 259 00001410 0 3  passive_bottle 
611 152 639 251 00001440 0 3  passive_bottle 
550 143 584 237 00001470 0 3  passive_bottle 
552 132 586 226 00001500 0 3  passive_bottle 
565 116 601 210 00001530 0 3  passive_bottle 
539 116 574 196 00001560 0 3  passive_bottle 
540 121 575 201 00001590 0 3  passive_bottle 
548 125 583 209 00001620 0 3  passive_bottle 
551 127 586 210 00001650 0 3  passive_bottle 
551 127 586 210 00001680 0 3  passive_bottle 
549 123 584 206 00001710 0 3  passive_bottle 
550 123 585 206 00001740 0 3  passive_bottle 
552 124 587 206 00001770 0 3  passive_bottle 
513 083 548 163 00001800 0 3  passive_bottle 
528 078 563 158 00001830 0 3  passive_bottle 
526 096 561 176 00001860 0 3  passive_bottle 
516 124 551 204 00001890 0 3  passive_bottle 
541 191 576 267 00001920 0 3  passive_bottle 
531 188 566 266 00001950 0 3  passive_bottle 
563 181 626 249 00001470 0 22  passive_mug/cup 
563 167 626 231 00001500 0 22  passive_mug/cup 
579 153 639 221 00001530 0 22  passive_mug/cup 
548 152 604 212 00001560 0 22  passive_mug/cup 
538 159 599 227 00001590 0 22  passive_mug/cup 
549 162 610 230 00001620 0 22  passive_mug/cup 
551 160 610 228 00001650 0 22  passive_mug/cup 
552 164 611 230 00001680 0 22  passive_mug/cup 
552 162 611 225 00001710 0 22  passive_mug/cup 
553 162 611 225 00001740 0 22  passive_mug/cup 
555 162 612 232 00001770 0 22  passive_mug/cup 
514 113 574 178 00001800 0 22  passive_mug/cup 
531 110 591 175 00001830 0 22  passive_mug/cup 
530 128 590 193 00001860 0 22  passive_mug/cup 
517 164 577 229 00001890 0 22  passive_mug/cup 
539 226 597 291 00001920 0 22  passive_mug/cup 
526 225 584 290 00001950 0 22  passive_mug/cup 
470 001 639 479 00001965 0 8  passive_door 
366 001 639 479 00001995 0 8  passive_door 
227 000 639 478 00002025 1 65  active_door 
250 000 639 478 00002055 1 65  active_door 
254 000 639 478 00002085 1 65  active_door 
260 000 639 478 00002115 1 65  active_door 
336 000 639 478 00002145 0 8  passive_door 
031 001 074 219 00002295 0 8  passive_door 
001 000 068 175 00002325 0 8  passive_door 
000 000 058 109 00002535 0 8  passive_door 
000 058 045 157 00002565 0 8  passive_door 
031 000 098 115 00002625 0 8  passive_door 
001 000 032 067 00002655 0 8  passive_door 
019 000 049 039 00002715 0 8  passive_door 
046 000 083 100 00002745 0 8  passive_door 
098 000 125 238 00002775 0 8  passive_door 
070 000 110 156 00002805 0 8  passive_door 
094 109 166 186 00002145 0 11  passive_laptop 
031 138 122 223 00002175 0 11  passive_laptop 
259 061 363 170 00002265 0 11  passive_laptop 
344 023 421 109 00002295 0 11  passive_laptop 
373 092 458 171 00002775 0 11  passive_laptop 
383 000 487 082 00002805 0 11  passive_laptop 
265 117 311 143 00002145 0 11  passive_laptop 
250 140 310 166 00002175 0 11  passive_laptop 
180 163 259 208 00002205 0 11  passive_laptop 
234 168 361 258 00002235 0 11  passive_laptop 
236 179 259 231 00002145 0 25  passive_trash_can 
194 218 242 279 00002175 0 25  passive_trash_can 
111 291 184 375 00002205 0 25  passive_trash_can 
090 323 183 437 00002235 0 25  passive_trash_can 
338 281 444 395 00002265 0 25  passive_trash_can 
380 201 484 321 00002295 0 25  passive_trash_can 
355 083 459 203 00002325 0 25  passive_trash_can 
349 000 457 111 00002415 0 25  passive_trash_can 
272 091 380 209 00002445 0 25  passive_trash_can 
459 004 551 075 00002475 0 25  passive_trash_can 
387 000 478 095 00002535 0 25  passive_trash_can 
342 082 449 194 00002565 0 25  passive_trash_can 
322 000 458 089 00002595 0 25  passive_trash_can 
411 064 547 197 00002625 0 25  passive_trash_can 
348 080 484 213 00002655 0 25  passive_trash_can 
358 035 505 168 00002685 0 25  passive_trash_can 
363 090 510 223 00002715 0 25  passive_trash_can 
403 106 532 233 00002745 0 25  passive_trash_can 
403 261 507 372 00002775 0 25  passive_trash_can 
408 184 528 300 00002805 0 25  passive_trash_can 
237 172 271 217 00002145 0 25  passive_trash_can 
210 205 260 257 00002175 0 25  passive_trash_can 
135 262 202 339 00002205 0 25  passive_trash_can 
145 293 232 400 00002235 0 25  passive_trash_can 
398 319 509 436 00002265 0 25  passive_trash_can 
431 233 550 364 00002295 0 25  passive_trash_can 
420 111 534 242 00002325 0 25  passive_trash_can 
408 004 556 158 00002415 0 25  passive_trash_can 
344 109 455 243 00002445 0 25  passive_trash_can 
523 004 632 138 00002475 0 25  passive_trash_can 
461 000 593 150 00002535 0 25  passive_trash_can 
400 110 515 242 00002565 0 25  passive_trash_can 
394 001 539 121 00002595 0 25  passive_trash_can 
479 111 621 240 00002625 0 25  passive_trash_can 
397 139 548 280 00002655 0 25  passive_trash_can 
407 104 558 206 00002685 0 25  passive_trash_can 
409 156 562 258 00002715 0 25  passive_trash_can 
451 164 594 274 00002745 0 25  passive_trash_can 
449 296 568 397 00002775 0 25  passive_trash_can 
458 233 589 358 00002805 0 25  passive_trash_can 
287 199 323 221 00002145 0 35  passive_shoes 
280 238 324 265 00002175 0 35  passive_shoes 
235 300 290 345 00002205 0 35  passive_shoes 
259 398 338 458 00002235 0 35  passive_shoes 
303 378 413 478 00002295 0 35  passive_shoes 
297 255 405 355 00002325 0 35  passive_shoes 
472 119 599 239 00002355 1 79  active_shoes 
418 010 637 197 00002385 1 79  active_shoes 
203 178 387 296 00002415 1 79  active_shoes 
301 277 340 359 00002445 1 79  active_shoes 
306 109 512 231 00002475 1 79  active_shoes 
385 013 613 170 00002505 1 79  active_shoes 
248 154 462 264 00002535 1 79  active_shoes 
208 248 401 327 00002565 1 79  active_shoes 
142 128 295 237 00002595 1 79  active_shoes 
272 236 399 345 00002625 1 79  active_shoes 
145 239 329 341 00002655 1 79  active_shoes 
136 196 319 298 00002685 1 79  active_shoes 
121 242 319 353 00002715 1 79  active_shoes 
174 268 372 411 00002745 0 35  passive_shoes 
281 095 328 136 00002145 0 11  passive_laptop 
274 110 331 161 00002175 0 11  passive_laptop 
209 122 292 186 00002205 0 11  passive_laptop 
311 111 418 225 00002235 0 11  passive_laptop 
047 171 097 237 00002265 0 25  passive_trash_can 
145 123 182 189 00002295 0 25  passive_trash_can 
118 064 158 121 00002325 0 25  passive_trash_can 
153 010 199 065 00002625 0 25  passive_trash_can 
115 000 149 031 00002655 0 25  passive_trash_can 
134 000 168 023 00002715 0 25  passive_trash_can 
160 010 197 065 00002745 0 25  passive_trash_can 
194 170 228 222 00002775 0 25  passive_trash_can 
185 077 219 129 00002805 0 25  passive_trash_can 
262 000 618 479 00002835 0 9  passive_fridge 
367 000 639 479 00002865 1 47  active_fridge 
181 000 517 479 00002895 1 47  active_fridge 
208 000 639 479 00002925 1 47  active_fridge 
221 000 639 479 00002955 1 47  active_fridge 
341 000 639 479 00002985 1 47  active_fridge 
222 000 639 479 00003015 1 47  active_fridge 
121 000 639 479 00003045 1 47  active_fridge 
000 000 508 479 00003075 1 47  active_fridge 
000 000 585 460 00003105 1 47  active_fridge 
071 000 639 479 00003135 1 47  active_fridge 
236 000 639 477 00003165 1 47  active_fridge 
286 000 639 479 00003195 1 47  active_fridge 
190 000 603 479 00003225 0 9  passive_fridge 
000 000 202 478 00004365 0 9  passive_fridge 
144 000 581 479 00004395 0 9  passive_fridge 
356 001 639 479 00004425 1 47  active_fridge 
241 000 639 476 00004455 1 47  active_fridge 
137 000 639 479 00004485 1 47  active_fridge 
163 000 639 479 00004515 1 47  active_fridge 
000 000 639 479 00004545 1 47  active_fridge 
000 000 639 479 00004575 1 47  active_fridge 
000 000 639 479 00004605 1 47  active_fridge 
000 001 634 479 00004635 1 47  active_fridge 
001 000 587 479 00004665 1 47  active_fridge 
000 000 451 479 00004695 1 47  active_fridge 
278 000 639 479 00004725 1 47  active_fridge 
009 000 254 479 00004755 0 9  passive_fridge 
517 061 639 463 00005145 0 9  passive_fridge 
489 034 639 436 00005175 0 9  passive_fridge 
489 048 639 450 00005205 0 9  passive_fridge 
512 050 639 452 00005235 0 9  passive_fridge 
536 077 639 446 00005265 0 9  passive_fridge 
367 230 405 296 00002925 0 45  passive_milk/juice 
402 232 458 320 00002955 0 45  passive_milk/juice 
534 165 590 278 00002985 0 45  passive_milk/juice 
422 224 478 316 00003015 0 45  passive_milk/juice 
314 252 368 297 00003045 0 45  passive_milk/juice 
135 246 176 320 00003075 0 45  passive_milk/juice 
193 204 234 278 00003105 0 45  passive_milk/juice 
261 222 301 292 00003135 0 45  passive_milk/juice 
339 304 372 343 00002925 0 45  passive_milk/juice 
365 329 409 378 00002955 0 45  passive_milk/juice 
475 280 522 341 00002985 0 45  passive_milk/juice 
380 324 424 377 00003015 0 45  passive_milk/juice 
133 322 169 371 00003075 0 45  passive_milk/juice 
193 281 229 329 00003105 0 45  passive_milk/juice 
250 298 282 338 00003135 0 45  passive_milk/juice 
383 305 418 332 00002925 0 3  passive_bottle 
415 331 465 366 00002955 0 3  passive_bottle 
521 284 581 331 00002985 0 3  passive_bottle 
434 322 479 358 00003015 0 3  passive_bottle 
181 315 214 346 00003075 0 3  passive_bottle 
239 274 270 304 00003105 0 3  passive_bottle 
294 304 327 352 00002925 0 45  passive_milk/juice 
310 329 353 384 00002955 0 45  passive_milk/juice 
412 274 466 347 00002985 0 45  passive_milk/juice 
325 325 372 387 00003015 0 45  passive_milk/juice 
084 333 127 385 00003075 0 45  passive_milk/juice 
148 291 188 341 00003105 0 45  passive_milk/juice 
204 299 239 345 00003135 0 45  passive_milk/juice 
317 183 357 219 00002925 0 3  passive_bottle 
342 180 396 216 00002955 0 3  passive_bottle 
463 091 516 141 00002985 0 3  passive_bottle 
335 145 396 214 00003015 1 48  active_bottle 
180 326 318 470 00003045 0 3  passive_bottle 
175 388 325 479 00003255 1 48  active_bottle 
231 208 325 399 00003285 1 48  active_bottle 
258 256 338 432 00003315 1 48  active_bottle 
279 218 362 411 00003345 1 48  active_bottle 
277 231 364 440 00003375 1 48  active_bottle 
268 208 350 417 00003405 1 48  active_bottle 
280 229 362 428 00003435 1 48  active_bottle 
271 212 353 413 00003465 1 48  active_bottle 
292 227 370 356 00003495 1 48  active_bottle 
280 200 378 429 00003525 1 48  active_bottle 
375 227 490 467 00003555 1 48  active_bottle 
383 201 525 479 00003585 1 48  active_bottle 
408 173 539 445 00003615 1 48  active_bottle 
342 257 543 479 00003645 1 48  active_bottle 
318 271 547 433 00003675 1 48  active_bottle 
315 265 542 413 00003705 1 48  active_bottle 
315 260 548 387 00003735 1 48  active_bottle 
315 248 552 367 00003765 1 48  active_bottle 
315 256 557 367 00003795 1 48  active_bottle 
318 241 557 346 00003825 1 48  active_bottle 
318 233 557 334 00003855 1 48  active_bottle 
318 243 562 336 00003885 1 48  active_bottle 
318 225 562 324 00003915 1 48  active_bottle 
318 225 562 324 00003945 1 48  active_bottle 
318 236 562 322 00003975 1 48  active_bottle 
318 223 562 315 00004005 1 48  active_bottle 
318 236 564 334 00004035 1 48  active_bottle 
320 214 564 316 00004065 1 48  active_bottle 
320 233 564 335 00004095 1 48  active_bottle 
338 180 508 394 00004125 1 48  active_bottle 
309 209 417 429 00004155 1 48  active_bottle 
260 179 343 374 00004185 1 48  active_bottle 
251 221 330 409 00004215 1 48  active_bottle 
245 205 321 392 00004245 1 48  active_bottle 
258 203 334 375 00004275 1 48  active_bottle 
254 203 334 375 00004305 1 48  active_bottle 
369 180 449 379 00004335 1 48  active_bottle 
261 122 393 422 00004365 1 48  active_bottle 
243 108 381 430 00004395 1 48  active_bottle 
251 095 392 427 00004425 1 48  active_bottle 
105 122 254 424 00004455 1 48  active_bottle 
199 134 340 432 00004485 1 48  active_bottle 
289 300 472 432 00004515 1 48  active_bottle 
350 305 443 373 00004545 1 48  active_bottle 
433 217 497 277 00004575 1 48  active_bottle 
244 235 305 295 00004605 0 3  passive_bottle 
207 283 260 327 00004635 0 3  passive_bottle 
176 288 229 317 00004665 0 3  passive_bottle 
485 400 552 477 00003045 0 45  passive_milk/juice 
333 345 378 408 00003075 0 45  passive_milk/juice 
365 318 416 391 00003105 0 45  passive_milk/juice 
564 413 637 479 00003045 0 45  passive_milk/juice 
407 341 452 402 00003075 0 45  passive_milk/juice 
450 329 506 390 00003105 0 45  passive_milk/juice 
440 233 487 320 00003075 0 3  passive_bottle 
498 198 550 310 00003105 0 3  passive_bottle 
385 356 472 473 00003135 0 3  passive_bottle 
472 192 637 296 00003255 0 12  passive_microwave 
470 242 639 374 00003285 0 12  passive_microwave 
444 260 617 351 00003315 0 12  passive_microwave 
487 226 639 366 00003345 0 12  passive_microwave 
483 198 639 380 00003375 0 12  passive_microwave 
477 181 639 363 00003405 0 12  passive_microwave 
489 193 639 374 00003435 0 12  passive_microwave 
479 176 639 357 00003465 0 12  passive_microwave 
493 195 639 376 00003495 0 12  passive_microwave 
521 159 639 368 00003525 0 12  passive_microwave 
477 154 639 356 00003555 0 12  passive_microwave 
496 201 639 403 00003585 0 12  passive_microwave 
511 179 639 392 00003615 0 12  passive_microwave 
491 188 639 396 00003645 0 12  passive_microwave 
492 168 639 402 00003675 0 12  passive_microwave 
497 172 639 409 00003705 0 12  passive_microwave 
504 172 639 409 00003735 0 12  passive_microwave 
504 167 639 409 00003765 0 12  passive_microwave 
513 175 639 413 00003795 0 12  passive_microwave 
513 171 639 409 00003825 0 12  passive_microwave 
518 171 639 409 00003855 0 12  passive_microwave 
520 176 639 417 00003885 0 12  passive_microwave 
522 166 639 407 00003915 0 12  passive_microwave 
522 166 639 407 00003945 0 12  passive_microwave 
522 171 639 410 00003975 0 12  passive_microwave 
524 163 639 402 00004005 0 12  passive_microwave 
526 175 639 414 00004035 0 12  passive_microwave 
521 159 639 397 00004065 0 12  passive_microwave 
521 173 639 411 00004095 0 12  passive_microwave 
503 155 639 393 00004125 0 12  passive_microwave 
495 159 639 391 00004155 0 12  passive_microwave 
466 155 639 380 00004185 0 12  passive_microwave 
443 193 621 401 00004215 0 12  passive_microwave 
429 237 632 386 00004245 0 12  passive_microwave 
444 213 639 376 00004275 0 12  passive_microwave 
448 197 639 379 00004305 0 12  passive_microwave 
546 157 639 347 00004335 0 12  passive_microwave 
561 166 639 242 00004785 0 12  passive_microwave 
446 112 635 282 00004815 0 12  passive_microwave 
014 146 170 326 00004845 0 12  passive_microwave 
412 232 439 300 00003255 0 3  passive_bottle 
400 306 445 414 00003285 0 3  passive_bottle 
411 301 468 410 00003315 0 3  passive_bottle 
425 303 504 419 00003345 0 3  passive_bottle 
427 322 498 438 00003375 0 3  passive_bottle 
417 302 485 423 00003405 0 3  passive_bottle 
430 318 498 439 00003435 0 3  passive_bottle 
429 322 496 426 00003465 0 3  passive_bottle 
296 313 374 479 00003495 1 48  active_bottle 
203 274 279 433 00003525 1 48  active_bottle 
262 316 326 445 00003555 1 48  active_bottle 
281 343 336 469 00003585 1 48  active_bottle 
278 320 333 443 00003615 1 48  active_bottle 
265 349 320 479 00003645 1 48  active_bottle 
274 292 329 422 00003675 1 48  active_bottle 
281 288 336 418 00003705 1 48  active_bottle 
280 280 335 407 00003735 1 48  active_bottle 
280 272 335 402 00003765 1 48  active_bottle 
285 284 340 414 00003795 1 48  active_bottle 
284 274 339 404 00003825 1 48  active_bottle 
284 274 339 404 00003855 1 48  active_bottle 
285 286 340 413 00003885 1 48  active_bottle 
286 270 341 397 00003915 1 48  active_bottle 
286 272 341 399 00003945 1 48  active_bottle 
285 279 340 406 00003975 1 48  active_bottle 
285 267 340 394 00004005 1 48  active_bottle 
284 284 339 408 00004035 1 48  active_bottle 
284 264 335 389 00004065 1 48  active_bottle 
284 280 335 405 00004095 1 48  active_bottle 
285 264 336 389 00004125 1 48  active_bottle 
235 289 287 407 00004155 1 48  active_bottle 
208 242 260 352 00004185 1 48  active_bottle 
194 280 246 409 00004215 1 48  active_bottle 
189 271 232 386 00004245 1 48  active_bottle 
200 246 252 370 00004275 1 48  active_bottle 
196 246 233 330 00004305 0 3  passive_bottle 
310 244 350 354 00004335 0 3  passive_bottle 
596 266 629 336 00004365 0 3  passive_bottle 
566 181 599 250 00004755 0 3  passive_bottle 
426 229 463 312 00004785 1 48  active_bottle 
288 228 332 348 00004815 1 48  active_bottle 
287 121 346 286 00004845 0 3  passive_bottle 
268 109 336 258 00004965 1 48  active_bottle 
274 106 342 259 00004995 1 48  active_bottle 
268 107 336 263 00005025 1 48  active_bottle 
268 112 348 260 00005055 1 48  active_bottle 
281 105 338 263 00005085 1 48  active_bottle 
277 098 333 256 00005115 1 48  active_bottle 
180 184 244 345 00005145 1 48  active_bottle 
157 261 231 418 00005175 0 3  passive_bottle 
165 276 235 430 00005205 1 48  active_bottle 
166 276 235 430 00005235 1 48  active_bottle 
146 333 225 470 00005265 0 3  passive_bottle 
135 258 162 314 00003285 0 16  passive_soap_liquid 
077 263 114 330 00003315 0 16  passive_soap_liquid 
107 232 144 299 00003345 0 16  passive_soap_liquid 
103 254 140 321 00003375 0 16  passive_soap_liquid 
097 243 134 310 00003405 0 16  passive_soap_liquid 
104 257 141 324 00003435 0 16  passive_soap_liquid 
094 252 131 319 00003465 0 16  passive_soap_liquid 
117 255 153 322 00003495 0 16  passive_soap_liquid 
112 249 151 315 00003525 0 16  passive_soap_liquid 
041 292 089 364 00003555 0 16  passive_soap_liquid 
063 270 105 340 00003615 0 16  passive_soap_liquid 
030 276 076 354 00003645 0 16  passive_soap_liquid 
025 254 071 331 00003675 0 16  passive_soap_liquid 
028 257 075 334 00003705 0 16  passive_soap_liquid 
030 245 078 322 00003735 0 16  passive_soap_liquid 
030 239 078 316 00003765 0 16  passive_soap_liquid 
030 247 078 324 00003795 0 16  passive_soap_liquid 
028 238 076 315 00003825 0 16  passive_soap_liquid 
026 235 074 312 00003855 0 16  passive_soap_liquid 
026 243 074 320 00003885 0 16  passive_soap_liquid 
025 235 073 312 00003915 0 16  passive_soap_liquid 
025 235 073 312 00003945 0 16  passive_soap_liquid 
026 239 074 316 00003975 0 16  passive_soap_liquid 
025 229 073 306 00004005 0 16  passive_soap_liquid 
027 240 075 317 00004035 0 16  passive_soap_liquid 
026 229 075 307 00004065 0 16  passive_soap_liquid 
027 240 076 318 00004095 0 16  passive_soap_liquid 
032 235 081 313 00004125 0 16  passive_soap_liquid 
032 270 083 348 00004155 0 16  passive_soap_liquid 
055 234 099 300 00004185 0 16  passive_soap_liquid 
034 266 076 332 00004215 0 16  passive_soap_liquid 
029 260 068 326 00004245 0 16  passive_soap_liquid 
040 235 080 306 00004275 0 16  passive_soap_liquid 
035 236 075 305 00004305 0 16  passive_soap_liquid 
145 236 180 298 00004335 0 16  passive_soap_liquid 
467 197 506 246 00004365 0 16  passive_soap_liquid 
456 165 492 214 00004755 0 16  passive_soap_liquid 
246 222 278 284 00004785 0 16  passive_soap_liquid 
022 278 083 359 00004815 0 16  passive_soap_liquid 
042 230 113 278 00004335 0 17  passive_tap 
373 162 432 210 00004365 0 17  passive_tap 
367 149 419 193 00004755 0 17  passive_tap 
101 209 186 263 00004785 0 17  passive_tap 
376 381 433 462 00004485 0 45  passive_milk/juice 
538 185 607 334 00004515 0 45  passive_milk/juice 
461 167 531 267 00004635 0 45  passive_milk/juice 
323 274 393 369 00004665 0 45  passive_milk/juice 
299 203 343 282 00004515 0 45  passive_milk/juice 
259 265 335 364 00004545 0 45  passive_milk/juice 
374 198 452 305 00004575 0 45  passive_milk/juice 
184 207 263 322 00004605 0 45  passive_milk/juice 
167 250 222 338 00004635 0 45  passive_milk/juice 
156 290 211 353 00004665 0 45  passive_milk/juice 
195 304 233 351 00004695 0 45  passive_milk/juice 
245 210 287 287 00004515 0 45  passive_milk/juice 
173 284 256 398 00004545 0 45  passive_milk/juice 
274 205 352 332 00004575 0 45  passive_milk/juice 
094 228 177 355 00004605 0 45  passive_milk/juice 
107 269 162 354 00004635 0 45  passive_milk/juice 
101 311 156 380 00004665 0 45  passive_milk/juice 
151 316 193 366 00004695 0 45  passive_milk/juice 
348 234 401 275 00004515 0 3  passive_bottle 
331 257 415 306 00004545 0 3  passive_bottle 
439 200 525 258 00004575 0 3  passive_bottle 
258 216 344 274 00004605 0 3  passive_bottle 
225 271 285 314 00004635 0 3  passive_bottle 
185 274 235 307 00004665 0 3  passive_bottle 
335 114 375 196 00004515 0 3  passive_bottle 
270 098 349 240 00004545 0 3  passive_bottle 
418 009 502 177 00004575 0 3  passive_bottle 
220 041 297 191 00004605 0 3  passive_bottle 
182 151 232 247 00004635 0 3  passive_bottle 
147 187 197 279 00004665 0 3  passive_bottle 
195 226 245 295 00004695 0 3  passive_bottle 
554 156 615 261 00004635 0 45  passive_milk/juice 
424 295 487 400 00004665 0 45  passive_milk/juice 
444 075 534 249 00004665 0 3  passive_bottle 
258 283 307 407 00004695 0 3  passive_bottle 
228 226 360 377 00004845 0 25  passive_trash_can 
035 244 208 432 00004875 0 25  passive_trash_can 
019 259 196 447 00004905 0 25  passive_trash_can 
008 266 191 454 00004935 0 25  passive_trash_can 
000 284 182 479 00004965 0 25  passive_trash_can 
000 290 176 479 00004995 0 25  passive_trash_can 
000 305 151 479 00005025 0 25  passive_trash_can 
000 314 142 479 00005055 0 25  passive_trash_can 
000 315 133 479 00005085 0 25  passive_trash_can 
000 354 092 479 00005115 0 25  passive_trash_can 
338 002 551 350 00004845 0 8  passive_door 
131 000 348 370 00004875 0 8  passive_door 
131 000 348 384 00004905 0 8  passive_door 
109 000 326 392 00004935 0 8  passive_door 
087 001 304 410 00004965 0 8  passive_door 
069 000 291 417 00004995 0 8  passive_door 
030 000 258 431 00005025 0 8  passive_door 
010 000 243 439 00005055 0 8  passive_door 
000 000 233 442 00005085 0 8  passive_door 
000 000 211 477 00005115 0 8  passive_door 
000 250 131 478 00005145 0 8  passive_door 
552 101 608 201 00004845 0 8  passive_door 
367 042 409 173 00004875 0 8  passive_door 
362 056 409 189 00004905 0 8  passive_door 
342 054 385 187 00004935 0 8  passive_door 
311 070 354 135 00004965 0 8  passive_door 
294 073 337 138 00004995 0 8  passive_door 
256 115 299 210 00005025 0 8  passive_door 
231 095 274 209 00005055 0 8  passive_door 
221 096 261 210 00005085 0 8  passive_door 
171 084 217 201 00005115 0 8  passive_door 
005 115 076 281 00005145 0 8  passive_door 
114 048 208 234 00005295 0 8  passive_door 
408 031 478 257 00005325 0 8  passive_door 
573 009 633 248 00005355 0 8  passive_door 
118 357 194 435 00005358 0 22  passive_mug/cup 
124 370 212 450 00005388 1 61  active_mug/cup 
185 333 273 413 00005418 1 61  active_mug/cup 
183 302 264 382 00005448 1 61  active_mug/cup 
217 251 298 345 00005478 1 61  active_mug/cup 
240 260 321 358 00005508 1 61  active_mug/cup 
248 250 334 359 00005538 1 61  active_mug/cup 
249 254 334 363 00005568 1 61  active_mug/cup 
254 255 339 364 00005598 1 61  active_mug/cup 
252 274 337 383 00005628 1 61  active_mug/cup 
253 261 338 366 00005658 1 61  active_mug/cup 
257 248 342 353 00005688 1 61  active_mug/cup 
271 233 371 344 00005718 1 61  active_mug/cup 
225 257 305 359 00005748 1 61  active_mug/cup 
166 322 237 407 00005778 1 61  active_mug/cup 
385 366 456 440 00005808 0 22  passive_mug/cup 
604 318 630 344 00006168 0 22  passive_mug/cup 
538 265 564 291 00006198 0 22  passive_mug/cup 
301 256 336 314 00006228 0 22  passive_mug/cup 
315 343 374 421 00006258 1 61  active_mug/cup 
278 346 341 424 00006288 1 61  active_mug/cup 
295 364 367 442 00006318 1 61  active_mug/cup 
295 377 367 442 00006348 1 61  active_mug/cup 
309 388 379 448 00006378 1 61  active_mug/cup 
298 373 364 447 00006408 1 61  active_mug/cup 
289 382 363 456 00006438 1 61  active_mug/cup 
277 383 351 457 00006468 0 22  passive_mug/cup 
582 243 625 286 00006588 0 22  passive_mug/cup 
286 244 329 318 00006618 0 22  passive_mug/cup 
438 376 508 437 00006648 0 22  passive_mug/cup 
439 373 520 434 00006678 0 22  passive_mug/cup 
422 390 472 425 00006708 0 22  passive_mug/cup 
406 355 486 428 00006738 1 61  active_mug/cup 
444 362 524 417 00006768 0 22  passive_mug/cup 
450 351 532 408 00006798 0 22  passive_mug/cup 
448 338 537 408 00006858 0 22  passive_mug/cup 
421 359 501 426 00006888 0 22  passive_mug/cup 
403 345 478 419 00006918 1 61  active_mug/cup 
406 345 475 416 00006948 1 61  active_mug/cup 
489 334 552 407 00006978 0 22  passive_mug/cup 
489 323 563 398 00007008 0 22  passive_mug/cup 
452 339 505 404 00007038 0 22  passive_mug/cup 
298 339 351 417 00007068 1 61  active_mug/cup 
296 342 355 420 00007098 1 61  active_mug/cup 
454 337 506 415 00007128 0 22  passive_mug/cup 
456 330 524 408 00007158 0 22  passive_mug/cup 
439 334 494 391 00007188 0 22  passive_mug/cup 
309 340 364 414 00007218 1 61  active_mug/cup 
312 332 367 405 00007248 1 61  active_mug/cup 
361 334 421 406 00007278 1 61  active_mug/cup 
464 343 537 420 00007308 1 61  active_mug/cup 
315 337 379 414 00007338 1 61  active_mug/cup 
312 348 376 425 00007368 1 61  active_mug/cup 
405 350 477 427 00007398 0 22  passive_mug/cup 
418 385 490 425 00007428 0 22  passive_mug/cup 
411 341 488 415 00007458 0 22  passive_mug/cup 
423 334 502 404 00007488 0 22  passive_mug/cup 
409 310 488 380 00007518 0 22  passive_mug/cup 
293 333 372 403 00007548 1 61  active_mug/cup 
366 313 432 384 00007578 1 61  active_mug/cup 
395 337 461 408 00007608 1 61  active_mug/cup 
367 344 433 415 00007638 1 61  active_mug/cup 
365 339 431 408 00007668 1 61  active_mug/cup 
291 369 357 438 00007698 1 61  active_mug/cup 
241 379 307 448 00007728 1 61  active_mug/cup 
201 375 267 445 00007758 1 61  active_mug/cup 
320 344 381 417 00007788 1 61  active_mug/cup 
299 338 360 411 00007818 1 61  active_mug/cup 
281 379 342 452 00007848 1 61  active_mug/cup 
275 389 336 462 00007878 1 61  active_mug/cup 
268 334 329 407 00007908 1 61  active_mug/cup 
268 355 329 433 00007938 1 61  active_mug/cup 
281 328 342 406 00007968 1 61  active_mug/cup 
284 331 342 409 00007998 1 61  active_mug/cup 
288 325 346 406 00008028 1 61  active_mug/cup 
282 324 340 405 00008058 1 61  active_mug/cup 
282 327 340 404 00008088 1 61  active_mug/cup 
281 323 339 400 00008118 1 61  active_mug/cup 
284 324 342 401 00008148 1 61  active_mug/cup 
297 330 355 407 00008178 1 61  active_mug/cup 
297 323 355 400 00008208 1 61  active_mug/cup 
290 327 344 404 00008238 1 61  active_mug/cup 
294 327 348 404 00008268 1 61  active_mug/cup 
292 326 346 403 00008298 1 61  active_mug/cup 
288 327 348 404 00008328 1 61  active_mug/cup 
282 322 342 399 00008358 1 61  active_mug/cup 
279 313 339 390 00008388 1 61  active_mug/cup 
280 325 340 402 00008418 1 61  active_mug/cup 
285 321 345 400 00008448 1 61  active_mug/cup 
297 318 349 393 00008478 1 61  active_mug/cup 
298 319 358 396 00008508 1 61  active_mug/cup 
298 319 358 396 00008538 1 61  active_mug/cup 
298 319 353 396 00008568 1 61  active_mug/cup 
298 323 353 398 00008598 1 61  active_mug/cup 
291 321 348 396 00008628 1 61  active_mug/cup 
288 314 346 389 00008658 1 61  active_mug/cup 
289 315 347 390 00008688 1 61  active_mug/cup 
286 306 344 385 00008718 1 61  active_mug/cup 
286 311 344 390 00008748 1 61  active_mug/cup 
285 318 343 397 00008778 1 61  active_mug/cup 
304 315 355 389 00008808 1 61  active_mug/cup 
309 326 360 400 00008838 1 61  active_mug/cup 
308 319 359 393 00008868 1 61  active_mug/cup 
308 309 363 383 00008898 1 61  active_mug/cup 
310 322 365 396 00008928 1 61  active_mug/cup 
310 315 365 389 00008958 1 61  active_mug/cup 
303 320 357 396 00008988 1 61  active_mug/cup 
296 318 351 394 00009018 1 61  active_mug/cup 
294 315 349 391 00009048 1 61  active_mug/cup 
311 318 366 394 00009078 1 61  active_mug/cup 
310 315 365 391 00009108 1 61  active_mug/cup 
317 306 372 382 00009138 1 61  active_mug/cup 
345 278 400 354 00009168 1 61  active_mug/cup 
277 260 371 371 00009198 1 61  active_mug/cup 
152 195 284 384 00009228 1 61  active_mug/cup 
205 267 335 422 00009258 1 61  active_mug/cup 
285 240 416 402 00009288 1 61  active_mug/cup 
145 218 312 423 00009318 1 61  active_mug/cup 
107 236 248 414 00009348 1 61  active_mug/cup 
138 219 251 385 00009378 1 61  active_mug/cup 
159 194 250 331 00009408 1 61  active_mug/cup 
159 194 250 331 00009438 1 61  active_mug/cup 
174 195 253 323 00009468 1 61  active_mug/cup 
223 170 308 298 00009498 1 61  active_mug/cup 
194 170 292 301 00009528 1 61  active_mug/cup 
177 149 275 280 00009558 1 61  active_mug/cup 
257 128 368 290 00009588 1 61  active_mug/cup 
287 130 421 301 00009618 1 61  active_mug/cup 
282 147 416 335 00009648 1 61  active_mug/cup 
275 170 368 311 00009678 1 61  active_mug/cup 
393 183 486 304 00009708 1 61  active_mug/cup 
312 114 376 229 00009738 1 61  active_mug/cup 
310 106 384 207 00009768 1 61  active_mug/cup 
380 114 436 199 00009798 1 61  active_mug/cup 
340 138 390 214 00009828 0 22  passive_mug/cup 
398 206 428 256 00009858 0 22  passive_mug/cup 
269 275 325 349 00009888 0 22  passive_mug/cup 
305 300 351 372 00009918 0 22  passive_mug/cup 
300 231 406 321 00005358 0 15  passive_pitcher 
346 216 466 328 00005388 0 15  passive_pitcher 
357 185 510 312 00005418 0 15  passive_pitcher 
286 223 457 367 00005448 1 74  active_pitcher 
284 185 485 345 00005478 1 74  active_pitcher 
310 199 507 356 00005508 1 74  active_pitcher 
316 161 506 331 00005538 1 74  active_pitcher 
317 132 495 303 00005568 1 74  active_pitcher 
321 125 493 294 00005598 1 74  active_pitcher 
323 128 495 303 00005628 1 74  active_pitcher 
323 122 495 290 00005658 1 74  active_pitcher 
304 151 496 315 00005688 1 74  active_pitcher 
368 257 484 376 00005718 1 74  active_pitcher 
371 265 491 381 00005748 1 74  active_pitcher 
367 259 482 368 00005778 1 74  active_pitcher 
540 340 633 449 00005808 0 15  passive_pitcher 
616 245 639 301 00005988 0 15  passive_pitcher 
613 253 639 310 00006018 0 15  passive_pitcher 
618 253 639 310 00006048 0 15  passive_pitcher 
615 242 639 310 00006078 0 15  passive_pitcher 
621 253 639 313 00006108 0 15  passive_pitcher 
614 248 639 303 00006138 0 15  passive_pitcher 
588 251 639 309 00006168 0 15  passive_pitcher 
519 206 570 257 00006198 0 15  passive_pitcher 
425 286 518 337 00006258 0 15  passive_pitcher 
425 282 518 376 00006288 0 15  passive_pitcher 
464 291 568 342 00006318 0 15  passive_pitcher 
462 342 547 393 00006348 0 15  passive_pitcher 
475 291 582 360 00006378 0 15  passive_pitcher 
453 302 558 379 00006408 0 15  passive_pitcher 
452 323 547 388 00006438 0 15  passive_pitcher 
446 297 541 337 00006468 0 15  passive_pitcher 
576 185 629 237 00006588 0 15  passive_pitcher 
302 157 377 227 00006618 0 15  passive_pitcher 
538 270 636 363 00006648 0 15  passive_pitcher 
535 255 633 348 00006678 0 15  passive_pitcher 
518 239 616 331 00006708 0 15  passive_pitcher 
503 234 599 326 00006738 0 15  passive_pitcher 
549 232 625 271 00006768 0 15  passive_pitcher 
571 225 629 251 00006798 0 15  passive_pitcher 
558 227 639 321 00006828 0 15  passive_pitcher 
556 217 639 276 00006858 0 15  passive_pitcher 
534 217 621 306 00006888 0 15  passive_pitcher 
485 217 582 297 00006918 0 15  passive_pitcher 
487 220 583 309 00006948 0 15  passive_pitcher 
551 219 639 308 00006978 0 15  passive_pitcher 
558 208 639 297 00007008 0 15  passive_pitcher 
513 225 606 314 00007038 0 15  passive_pitcher 
378 208 476 293 00007068 0 15  passive_pitcher 
379 205 477 290 00007098 0 15  passive_pitcher 
516 222 614 311 00007128 0 15  passive_pitcher 
527 216 623 305 00007158 0 15  passive_pitcher 
500 217 593 306 00007188 0 15  passive_pitcher 
385 207 480 293 00007218 0 15  passive_pitcher 
386 199 481 285 00007248 0 15  passive_pitcher 
443 206 538 292 00007278 0 15  passive_pitcher 
542 230 637 316 00007308 0 15  passive_pitcher 
400 204 495 290 00007338 0 15  passive_pitcher 
405 216 508 305 00007368 0 15  passive_pitcher 
503 224 606 310 00007398 0 15  passive_pitcher 
518 224 617 318 00007428 0 15  passive_pitcher 
502 217 598 309 00007458 0 15  passive_pitcher 
513 204 609 296 00007488 0 15  passive_pitcher 
482 193 578 283 00007518 0 15  passive_pitcher 
449 223 550 321 00007548 0 15  passive_pitcher 
533 287 634 359 00007578 0 15  passive_pitcher 
562 308 639 380 00007608 0 15  passive_pitcher 
541 312 639 390 00007638 0 15  passive_pitcher 
538 309 639 390 00007668 0 15  passive_pitcher 
469 306 579 406 00007698 0 15  passive_pitcher 
405 264 515 361 00007728 0 15  passive_pitcher 
366 247 476 344 00007758 0 15  passive_pitcher 
490 254 603 339 00007788 0 15  passive_pitcher 
473 256 581 341 00007818 0 15  passive_pitcher 
451 283 565 382 00007848 0 15  passive_pitcher 
451 283 557 365 00007878 0 15  passive_pitcher 
440 229 550 329 00007908 0 15  passive_pitcher 
443 251 557 351 00007938 0 15  passive_pitcher 
444 246 558 351 00007968 0 15  passive_pitcher 
452 250 566 344 00007998 0 15  passive_pitcher 
452 244 566 349 00008028 0 15  passive_pitcher 
445 240 559 345 00008058 0 15  passive_pitcher 
444 246 558 351 00008088 0 15  passive_pitcher 
444 238 558 343 00008118 0 15  passive_pitcher 
442 244 557 339 00008148 0 15  passive_pitcher 
453 255 568 357 00008178 0 15  passive_pitcher 
455 251 570 353 00008208 0 15  passive_pitcher 
449 250 564 353 00008238 0 15  passive_pitcher 
454 253 567 356 00008268 0 15  passive_pitcher 
455 246 564 335 00008298 0 15  passive_pitcher 
451 250 561 346 00008328 0 15  passive_pitcher 
445 240 559 345 00008358 0 15  passive_pitcher 
442 235 556 340 00008388 0 15  passive_pitcher 
444 246 558 351 00008418 0 15  passive_pitcher 
445 240 559 340 00008448 0 15  passive_pitcher 
459 243 573 347 00008478 0 15  passive_pitcher 
462 246 576 350 00008508 0 15  passive_pitcher 
460 241 574 345 00008538 0 15  passive_pitcher 
456 245 570 349 00008568 0 15  passive_pitcher 
456 254 570 358 00008598 0 15  passive_pitcher 
453 247 562 336 00008628 0 15  passive_pitcher 
454 233 566 342 00008658 0 15  passive_pitcher 
452 237 565 343 00008688 0 15  passive_pitcher 
450 231 563 337 00008718 0 15  passive_pitcher 
449 239 562 342 00008748 0 15  passive_pitcher 
447 238 560 341 00008778 0 15  passive_pitcher 
457 239 570 342 00008808 0 15  passive_pitcher 
467 251 580 354 00008838 0 15  passive_pitcher 
462 247 575 350 00008868 0 15  passive_pitcher 
465 237 578 340 00008898 0 15  passive_pitcher 
468 253 581 356 00008928 0 15  passive_pitcher 
465 246 578 349 00008958 0 15  passive_pitcher 
465 243 570 330 00008988 0 15  passive_pitcher 
456 240 564 331 00009018 0 15  passive_pitcher 
452 235 564 338 00009048 0 15  passive_pitcher 
465 247 577 350 00009078 0 15  passive_pitcher 
464 244 576 347 00009108 0 15  passive_pitcher 
462 230 572 332 00009138 0 15  passive_pitcher 
454 181 560 275 00009168 0 15  passive_pitcher 
254 186 370 274 00009198 0 15  passive_pitcher 
304 223 341 252 00005838 0 27  passive_knife/spoon/fork 
263 292 300 357 00005868 0 27  passive_knife/spoon/fork 
152 348 189 413 00005898 0 27  passive_knife/spoon/fork 
156 370 185 435 00005928 0 27  passive_knife/spoon/fork 
153 370 177 435 00005958 0 27  passive_knife/spoon/fork 
111 382 135 447 00005988 0 27  passive_knife/spoon/fork 
090 394 110 436 00006048 0 27  passive_knife/spoon/fork 
090 364 110 436 00006078 0 27  passive_knife/spoon/fork 
091 404 111 444 00006108 0 27  passive_knife/spoon/fork 
389 251 428 296 00006528 1 50  active_knife/spoon/fork 
299 356 338 421 00006558 1 50  active_knife/spoon/fork 
284 341 337 462 00006588 1 50  active_knife/spoon/fork 
269 312 322 369 00006618 1 50  active_knife/spoon/fork 
300 391 359 426 00006648 1 50  active_knife/spoon/fork 
265 399 329 427 00006678 1 50  active_knife/spoon/fork 
331 293 383 340 00006708 1 50  active_knife/spoon/fork 
444 377 492 404 00006738 1 50  active_knife/spoon/fork 
482 371 505 393 00006768 0 27  passive_knife/spoon/fork 
496 356 519 383 00006798 0 27  passive_knife/spoon/fork 
494 337 559 383 00006858 0 27  passive_knife/spoon/fork 
452 348 517 402 00006888 0 27  passive_knife/spoon/fork 
442 321 493 365 00006918 1 50  active_knife/spoon/fork 
437 333 527 356 00006948 1 50  active_knife/spoon/fork 
389 358 446 381 00006978 1 50  active_knife/spoon/fork 
372 351 439 377 00007008 1 50  active_knife/spoon/fork 
327 353 407 379 00007038 1 50  active_knife/spoon/fork 
319 344 404 369 00007068 1 50  active_knife/spoon/fork 
305 337 422 362 00007098 1 50  active_knife/spoon/fork 
359 361 428 383 00007128 1 50  active_knife/spoon/fork 
338 365 417 387 00007158 1 50  active_knife/spoon/fork 
326 354 405 373 00007188 1 50  active_knife/spoon/fork 
325 340 412 366 00007218 1 50  active_knife/spoon/fork 
332 330 399 356 00007248 1 50  active_knife/spoon/fork 
338 318 431 347 00007278 1 50  active_knife/spoon/fork 
356 370 435 393 00007308 1 50  active_knife/spoon/fork 
310 322 408 361 00007338 1 50  active_knife/spoon/fork 
323 370 378 399 00007368 1 50  active_knife/spoon/fork 
418 351 487 409 00007398 0 27  passive_knife/spoon/fork 
437 347 506 393 00007458 0 27  passive_knife/spoon/fork 
454 336 523 387 00007488 0 27  passive_knife/spoon/fork 
427 310 496 361 00007518 0 27  passive_knife/spoon/fork 
328 327 387 375 00007548 1 50  active_knife/spoon/fork 
393 328 427 350 00007578 1 50  active_knife/spoon/fork 
422 350 445 377 00007608 1 50  active_knife/spoon/fork 
394 351 417 378 00007638 1 50  active_knife/spoon/fork 
395 351 426 374 00007668 1 50  active_knife/spoon/fork 
315 391 352 414 00007698 1 50  active_knife/spoon/fork 
266 386 297 424 00007728 1 50  active_knife/spoon/fork 
218 377 238 415 00007758 1 50  active_knife/spoon/fork 
335 327 364 394 00007788 1 50  active_knife/spoon/fork 
314 320 343 394 00007818 1 50  active_knife/spoon/fork 
300 362 353 425 00007848 1 50  active_knife/spoon/fork 
295 387 342 437 00007878 1 50  active_knife/spoon/fork 
281 333 328 383 00007908 1 50  active_knife/spoon/fork 
285 369 327 406 00007938 1 50  active_knife/spoon/fork 
292 341 334 378 00007968 1 50  active_knife/spoon/fork 
318 311 354 367 00007998 1 50  active_knife/spoon/fork 
311 329 332 377 00008028 1 50  active_knife/spoon/fork 
304 324 325 372 00008058 1 50  active_knife/spoon/fork 
304 324 325 372 00008088 1 50  active_knife/spoon/fork 
304 324 325 372 00008118 1 50  active_knife/spoon/fork 
316 329 337 377 00008148 1 50  active_knife/spoon/fork 
312 350 333 377 00008178 1 50  active_knife/spoon/fork 
312 350 333 377 00008208 1 50  active_knife/spoon/fork 
312 350 333 377 00008238 1 50  active_knife/spoon/fork 
312 350 333 377 00008268 1 50  active_knife/spoon/fork 
308 310 365 362 00008298 1 50  active_knife/spoon/fork 
308 328 333 362 00008328 1 50  active_knife/spoon/fork 
308 328 333 362 00008358 1 50  active_knife/spoon/fork 
308 328 333 362 00008388 1 50  active_knife/spoon/fork 
301 343 326 377 00008418 1 50  active_knife/spoon/fork 
306 332 337 374 00008448 1 50  active_knife/spoon/fork 
311 335 337 368 00008478 1 50  active_knife/spoon/fork 
311 335 337 368 00008508 1 50  active_knife/spoon/fork 
311 335 337 368 00008538 1 50  active_knife/spoon/fork 
311 335 337 368 00008568 1 50  active_knife/spoon/fork 
311 335 337 368 00008598 1 50  active_knife/spoon/fork 
308 304 350 350 00008628 1 50  active_knife/spoon/fork 
308 304 350 350 00008658 1 50  active_knife/spoon/fork 
305 326 340 364 00008688 1 50  active_knife/spoon/fork 
305 326 340 364 00008718 1 50  active_knife/spoon/fork 
298 333 329 368 00008748 1 50  active_knife/spoon/fork 
298 333 329 368 00008778 1 50  active_knife/spoon/fork 
323 339 340 369 00008808 1 50  active_knife/spoon/fork 
319 347 336 377 00008838 1 50  active_knife/spoon/fork 
324 338 348 368 00008868 1 50  active_knife/spoon/fork 
324 338 348 368 00008898 1 50  active_knife/spoon/fork 
324 338 348 368 00008928 1 50  active_knife/spoon/fork 
324 338 348 368 00008958 1 50  active_knife/spoon/fork 
318 305 354 350 00008988 0 27  passive_knife/spoon/fork 
304 225 343 271 00005838 0 7  passive_dish 
256 290 336 362 00005868 0 7  passive_dish 
151 344 231 420 00005898 0 7  passive_dish 
151 363 231 439 00005928 0 7  passive_dish 
141 362 221 438 00005958 0 7  passive_dish 
103 376 183 452 00005988 0 7  passive_dish 
109 380 158 438 00006018 0 7  passive_dish 
087 364 162 439 00006048 0 7  passive_dish 
083 359 158 434 00006078 0 7  passive_dish 
091 369 160 445 00006108 0 7  passive_dish 
101 373 160 442 00006138 0 7  passive_dish 
060 363 130 432 00006168 0 7  passive_dish 
040 390 095 459 00006198 0 7  passive_dish 
233 177 277 209 00006498 0 7  passive_dish 
385 251 449 315 00006528 1 49  active_dish 
284 339 395 441 00006558 0 7  passive_dish 
124 367 241 474 00006588 0 7  passive_dish 
273 260 372 352 00005988 1 62  active_tea_bag 
274 274 361 354 00006018 1 62  active_tea_bag 
252 289 334 361 00006048 1 62  active_tea_bag 
229 242 307 314 00006078 1 62  active_tea_bag 
257 241 335 332 00006108 1 62  active_tea_bag 
244 208 322 295 00006138 1 62  active_tea_bag 
287 235 352 308 00006168 1 62  active_tea_bag 
275 187 359 262 00006198 1 62  active_tea_bag 
216 201 300 334 00006228 1 62  active_tea_bag 
324 264 360 379 00006258 1 62  active_tea_bag 
294 307 330 387 00006288 1 62  active_tea_bag 
323 358 363 409 00006318 1 62  active_tea_bag 
318 368 371 419 00006348 1 62  active_tea_bag 
325 374 376 425 00006378 1 62  active_tea_bag 
314 329 359 418 00006408 1 62  active_tea_bag 
312 348 357 428 00006438 1 62  active_tea_bag 
298 376 343 434 00006468 0 18  passive_tea_bag 
564 000 639 221 00006198 0 8  passive_door 
395 000 465 179 00006228 0 8  passive_door 
579 155 633 275 00006258 0 8  passive_door 
290 340 394 439 00006558 1 86  active_large_container 
126 369 243 478 00006588 1 86  active_large_container 
163 367 281 478 00006618 1 86  active_large_container 
281 436 399 479 00006648 1 86  active_large_container 
270 344 388 448 00006678 1 86  active_large_container 
253 325 371 430 00006708 1 86  active_large_container 
233 331 351 436 00006738 1 86  active_large_container 
271 294 390 411 00006768 1 86  active_large_container 
284 287 403 404 00006798 1 86  active_large_container 
284 290 403 407 00006828 1 86  active_large_container 
278 294 402 411 00006858 1 86  active_large_container 
250 333 374 444 00006888 1 86  active_large_container 
240 344 355 447 00006918 1 86  active_large_container 
245 344 360 447 00006948 1 86  active_large_container 
317 325 428 426 00006978 1 86  active_large_container 
331 319 439 420 00007008 1 86  active_large_container 
274 337 382 438 00007038 1 86  active_large_container 
141 356 249 451 00007068 1 86  active_large_container 
141 356 249 451 00007098 1 86  active_large_container 
280 333 388 430 00007128 1 86  active_large_container 
294 326 402 423 00007158 1 86  active_large_container 
263 333 371 430 00007188 1 86  active_large_container 
150 353 258 450 00007218 1 86  active_large_container 
156 347 264 444 00007248 1 86  active_large_container 
199 338 307 435 00007278 1 86  active_large_container 
308 336 416 433 00007308 0 40  passive_large_container 
160 347 268 444 00007338 1 86  active_large_container 
153 352 261 449 00007368 1 86  active_large_container 
229 328 348 433 00007398 1 86  active_large_container 
259 337 378 442 00007428 1 86  active_large_container 
242 321 361 436 00007458 1 86  active_large_container 
244 311 363 426 00007488 1 86  active_large_container 
228 294 347 409 00007518 1 86  active_large_container 
162 304 260 398 00007548 0 40  passive_large_container 
284 268 361 332 00007578 0 40  passive_large_container 
311 279 388 351 00007608 0 40  passive_large_container 
280 286 365 358 00007638 0 40  passive_large_container 
278 283 363 355 00007668 0 40  passive_large_container 
195 321 280 393 00007698 0 40  passive_large_container 
123 337 208 425 00007728 0 40  passive_large_container 
100 366 171 422 00007758 0 40  passive_large_container 
203 291 290 368 00007788 0 40  passive_large_container 
184 289 271 366 00007818 0 40  passive_large_container 
167 329 254 395 00007848 0 40  passive_large_container 
157 336 247 402 00007878 0 40  passive_large_container 
152 279 242 352 00007908 0 40  passive_large_container 
149 302 239 375 00007938 0 40  passive_large_container 
146 307 219 380 00007968 0 40  passive_large_container 
154 326 244 395 00007998 0 40  passive_large_container 
151 300 233 381 00008028 0 40  passive_large_container 
146 303 231 389 00008058 0 40  passive_large_container 
146 306 231 392 00008088 0 40  passive_large_container 
146 301 231 387 00008118 0 40  passive_large_container 
150 301 238 387 00008328 0 40  passive_large_container 
145 298 233 384 00008358 0 40  passive_large_container 
140 294 233 384 00008388 0 40  passive_large_container 
141 302 234 392 00008418 0 40  passive_large_container 
145 300 238 390 00008448 0 40  passive_large_container 
151 288 234 368 00008658 0 40  passive_large_container 
148 287 234 372 00008688 0 40  passive_large_container 
144 282 234 367 00008718 0 40  passive_large_container 
145 286 235 373 00008748 0 40  passive_large_container 
146 297 236 381 00008778 0 40  passive_large_container 
148 292 235 378 00009018 0 40  passive_large_container 
153 290 240 376 00009048 0 40  passive_large_container 
228 326 262 379 00009078 0 40  passive_large_container 
223 322 262 379 00009108 0 40  passive_large_container 
174 309 268 380 00009138 0 40  passive_large_container 
185 284 279 373 00009168 0 40  passive_large_container 
053 366 126 428 00009198 0 40  passive_large_container 
027 340 057 370 00006648 0 18  passive_tea_bag 
000 346 028 384 00006678 0 18  passive_tea_bag 
000 296 016 334 00006768 0 18  passive_tea_bag 
000 291 021 329 00006798 0 18  passive_tea_bag 
000 286 020 324 00006828 0 18  passive_tea_bag 
000 302 022 343 00006858 0 18  passive_tea_bag 
000 369 015 410 00006888 0 18  passive_tea_bag 
000 404 008 445 00006918 0 18  passive_tea_bag 
000 398 015 439 00006948 0 18  passive_tea_bag 
036 367 067 405 00006978 0 18  passive_tea_bag 
046 367 077 405 00007008 0 18  passive_tea_bag 
007 382 033 420 00007038 0 18  passive_tea_bag 
018 374 044 412 00007128 0 18  passive_tea_bag 
026 377 052 415 00007158 0 18  passive_tea_bag 
001 386 027 424 00007188 0 18  passive_tea_bag 
138 221 168 240 00007578 0 18  passive_tea_bag 
164 218 194 237 00007608 0 18  passive_tea_bag 
135 226 165 245 00007638 0 18  passive_tea_bag 
135 226 165 245 00007668 0 18  passive_tea_bag 
050 273 080 299 00007698 0 18  passive_tea_bag 
524 000 639 244 00007068 0 8  passive_door 
524 000 639 237 00007098 0 8  passive_door 
524 000 639 237 00007218 0 8  passive_door 
524 000 639 237 00007248 0 8  passive_door 
573 058 639 283 00007278 0 8  passive_door 
541 000 639 244 00007338 0 8  passive_door 
557 000 639 259 00007368 0 8  passive_door 
256 286 344 349 00008958 1 62  active_tea_bag 
275 310 336 361 00008988 1 62  active_tea_bag 
274 334 319 361 00009018 1 62  active_tea_bag 
274 334 319 361 00009048 1 62  active_tea_bag 
266 297 332 357 00009078 1 62  active_tea_bag 
271 288 332 357 00009108 1 62  active_tea_bag 
280 297 347 354 00009138 0 18  passive_tea_bag 
186 154 235 344 00009378 1 62  active_tea_bag 
179 133 242 270 00009408 1 62  active_tea_bag 
199 061 242 251 00009438 1 62  active_tea_bag 
204 047 240 237 00009468 1 62  active_tea_bag 
247 047 286 213 00009498 1 62  active_tea_bag 
254 005 307 190 00009528 1 62  active_tea_bag 
296 279 334 367 00009558 1 62  active_tea_bag 
239 413 257 441 00009588 0 18  passive_tea_bag 
315 308 354 348 00008988 1 50  active_knife/spoon/fork 
321 301 354 355 00009018 1 50  active_knife/spoon/fork 
321 313 354 360 00009048 1 50  active_knife/spoon/fork 
336 323 358 351 00009078 1 50  active_knife/spoon/fork 
336 323 358 351 00009108 1 50  active_knife/spoon/fork 
338 310 384 355 00009138 1 50  active_knife/spoon/fork 
365 259 391 323 00009168 1 50  active_knife/spoon/fork 
303 227 329 326 00009198 1 50  active_knife/spoon/fork 
253 143 287 240 00009228 1 50  active_knife/spoon/fork 
313 251 334 306 00009258 0 27  passive_knife/spoon/fork 
371 229 430 322 00009288 0 27  passive_knife/spoon/fork 
263 178 322 310 00009318 0 27  passive_knife/spoon/fork 
208 209 245 300 00009348 0 27  passive_knife/spoon/fork 
206 190 252 357 00009378 0 27  passive_knife/spoon/fork 
204 169 251 308 00009408 0 27  passive_knife/spoon/fork 
204 169 251 308 00009438 0 27  passive_knife/spoon/fork 
207 167 255 300 00009468 0 27  passive_knife/spoon/fork 
261 145 309 278 00009498 0 27  passive_knife/spoon/fork 
244 146 292 279 00009528 0 27  passive_knife/spoon/fork 
225 118 274 256 00009558 0 27  passive_knife/spoon/fork 
287 101 373 260 00009588 0 27  passive_knife/spoon/fork 
355 102 425 267 00009618 0 27  passive_knife/spoon/fork 
349 110 432 295 00009648 0 27  passive_knife/spoon/fork 
322 150 375 280 00009678 0 27  passive_knife/spoon/fork 
424 169 490 276 00009708 0 27  passive_knife/spoon/fork 
339 094 386 207 00009738 0 27  passive_knife/spoon/fork 
351 092 386 185 00009768 0 27  passive_knife/spoon/fork 
403 099 438 177 00009798 0 27  passive_knife/spoon/fork 
366 124 382 185 00009828 0 27  passive_knife/spoon/fork 
298 263 314 324 00009888 0 27  passive_knife/spoon/fork 
330 296 346 357 00009918 0 27  passive_knife/spoon/fork 
453 000 566 209 00009198 0 8  passive_door 
000 000 168 267 00009228 0 8  passive_door 
000 000 138 471 00009258 0 8  passive_door 
584 272 639 351 00009198 0 25  passive_trash_can 
338 266 378 289 00009228 0 25  passive_trash_can 
246 336 374 462 00009288 0 25  passive_trash_can 
248 407 360 479 00009318 0 25  passive_trash_can 
235 358 357 476 00009348 0 25  passive_trash_can 
230 357 352 479 00009378 0 25  passive_trash_can 
216 356 340 478 00009408 0 25  passive_trash_can 
208 368 332 479 00009438 0 25  passive_trash_can 
208 368 332 479 00009468 0 25  passive_trash_can 
227 365 350 479 00009498 0 25  passive_trash_can 
223 365 346 479 00009528 0 25  passive_trash_can 
237 352 360 479 00009558 1 60  active_trash_can 
179 349 311 474 00009588 0 25  passive_trash_can 
422 135 448 190 00009228 0 3  passive_bottle 
471 224 511 300 00009258 0 3  passive_bottle 
476 247 512 321 00009288 0 3  passive_bottle 
487 307 532 364 00009318 0 3  passive_bottle 
487 310 532 352 00009348 0 3  passive_bottle 
451 316 522 396 00009378 0 3  passive_bottle 
437 308 504 392 00009408 0 3  passive_bottle 
437 325 504 409 00009438 0 3  passive_bottle 
434 319 501 403 00009468 0 3  passive_bottle 
449 348 529 432 00009498 0 3  passive_bottle 
448 348 528 432 00009528 0 3  passive_bottle 
468 334 548 418 00009558 0 3  passive_bottle 
375 249 423 323 00009588 0 3  passive_bottle 
245 075 331 119 00009618 0 11  passive_laptop 
000 156 104 227 00009648 0 11  passive_laptop 
000 281 030 326 00009678 0 11  passive_laptop 
014 173 114 301 00009708 0 11  passive_laptop 
000 179 032 229 00009738 0 11  passive_laptop 
000 263 041 412 00009768 0 11  passive_laptop 
000 210 071 412 00009798 0 11  passive_laptop 
000 210 089 386 00009828 0 11  passive_laptop 
058 201 156 340 00009858 0 11  passive_laptop 
000 375 023 479 00009918 0 11  passive_laptop 
287 039 352 104 00009618 0 11  passive_laptop 
041 081 152 171 00009648 0 11  passive_laptop 
000 109 095 269 00009678 0 11  passive_laptop 
126 074 256 260 00009708 0 11  passive_laptop 
041 020 227 287 00009738 0 11  passive_laptop 
000 000 266 379 00009768 0 11  passive_laptop 
000 000 320 360 00009798 0 11  passive_laptop 
048 000 302 329 00009828 0 11  passive_laptop 
173 065 357 318 00009858 0 11  passive_laptop 
000 103 253 479 00009888 0 11  passive_laptop 
000 131 270 479 00009918 0 11  passive_laptop 
323 136 341 184 00009708 0 3  passive_bottle 
305 095 323 160 00009738 0 3  passive_bottle 
339 048 377 121 00009768 0 3  passive_bottle 
413 001 451 099 00009798 0 3  passive_bottle 
371 065 403 141 00009828 0 3  passive_bottle 
427 147 455 213 00009858 0 3  passive_bottle 
286 180 319 255 00009888 0 3  passive_bottle 
333 217 363 292 00009918 0 3  passive_bottle 
346 218 364 234 00009708 0 36  passive_cell_phone 
315 223 343 259 00009738 0 36  passive_cell_phone 
394 251 436 320 00009768 0 36  passive_cell_phone 
465 233 507 309 00009798 0 36  passive_cell_phone 
409 223 446 274 00009828 0 36  passive_cell_phone 
442 278 470 307 00009858 0 36  passive_cell_phone 
361 345 414 406 00009888 0 36  passive_cell_phone 
381 386 424 447 00009918 0 36  passive_cell_phone 
141 132 485 366 00009933 0 11  passive_laptop 
147 123 482 357 00009963 0 11  passive_laptop 
133 000 575 277 00009993 1 64  active_laptop 
126 087 494 398 00010023 1 64  active_laptop 
124 073 492 384 00010053 1 64  active_laptop 
133 073 501 384 00010083 1 64  active_laptop 
182 089 490 400 00010113 1 64  active_laptop 
126 070 506 381 00010143 1 64  active_laptop 
126 070 506 381 00010173 1 64  active_laptop 
179 085 485 356 00010203 1 64  active_laptop 
152 083 450 330 00010233 1 64  active_laptop 
161 088 459 335 00010263 1 64  active_laptop 
158 084 456 331 00010293 1 64  active_laptop 
159 076 457 323 00010323 1 64  active_laptop 
163 093 461 340 00010353 1 64  active_laptop 
172 077 470 324 00010383 1 64  active_laptop 
166 078 464 325 00010413 0 11  passive_laptop 
166 078 464 325 00010443 1 64  active_laptop 
179 071 477 318 00010473 1 64  active_laptop 
178 085 476 332 00010503 1 64  active_laptop 
168 070 466 317 00010533 1 64  active_laptop 
165 084 463 331 00010563 1 64  active_laptop 
174 080 472 327 00010593 1 64  active_laptop 
174 075 462 322 00010623 1 64  active_laptop 
177 090 475 340 00010653 1 64  active_laptop 
181 073 479 322 00010683 1 64  active_laptop 
180 074 478 322 00010713 1 64  active_laptop 
179 075 477 322 00010743 1 64  active_laptop 
179 071 477 318 00010773 1 64  active_laptop 
176 078 474 325 00010803 1 64  active_laptop 
176 083 474 330 00010833 1 64  active_laptop 
157 080 455 327 00010863 1 64  active_laptop 
175 086 473 333 00010893 1 64  active_laptop 
054 082 339 394 00010923 1 64  active_laptop 
001 056 141 335 00010953 0 11  passive_laptop 
425 061 596 306 00009933 0 11  passive_laptop 
427 051 639 296 00009963 0 11  passive_laptop 
478 000 639 143 00009993 0 11  passive_laptop 
426 019 639 312 00010023 0 11  passive_laptop 
437 010 639 289 00010053 0 11  passive_laptop 
437 010 639 289 00010083 0 11  passive_laptop 
440 020 639 306 00010113 0 11  passive_laptop 
445 001 639 292 00010143 0 11  passive_laptop 
439 005 639 290 00010173 0 11  passive_laptop 
446 018 639 286 00010203 0 11  passive_laptop 
424 019 639 268 00010233 0 11  passive_laptop 
440 026 639 282 00010263 0 11  passive_laptop 
440 021 639 277 00010293 0 11  passive_laptop 
439 014 638 265 00010323 0 11  passive_laptop 
439 026 638 277 00010353 0 11  passive_laptop 
440 015 639 269 00010383 0 11  passive_laptop 
442 015 639 269 00010413 0 11  passive_laptop 
442 014 639 268 00010443 0 11  passive_laptop 
443 011 639 261 00010473 0 11  passive_laptop 
443 023 639 273 00010503 0 11  passive_laptop 
444 009 639 259 00010533 0 11  passive_laptop 
442 017 639 276 00010563 0 11  passive_laptop 
439 019 639 269 00010593 0 11  passive_laptop 
440 012 639 267 00010623 0 11  passive_laptop 
443 023 639 277 00010653 0 11  passive_laptop 
440 011 639 264 00010683 0 11  passive_laptop 
440 012 638 264 00010713 0 11  passive_laptop 
440 013 637 264 00010743 0 11  passive_laptop 
445 010 639 265 00010773 0 11  passive_laptop 
445 017 639 271 00010803 0 11  passive_laptop 
439 020 639 273 00010833 0 11  passive_laptop 
421 007 635 257 00010863 0 11  passive_laptop 
445 023 639 276 00010893 0 11  passive_laptop 
305 003 571 250 00010923 0 11  passive_laptop 
165 000 435 215 00010953 0 11  passive_laptop 
063 000 379 200 00010983 0 11  passive_laptop 
149 000 482 227 00011013 0 11  passive_laptop 
034 000 351 318 00011043 0 11  passive_laptop 
034 029 363 344 00011073 0 11  passive_laptop 
051 000 405 311 00011103 0 11  passive_laptop 
028 000 394 305 00011133 0 11  passive_laptop 
024 000 387 312 00011163 0 11  passive_laptop 
011 000 364 323 00011193 0 11  passive_laptop 
012 000 356 329 00011223 0 11  passive_laptop 
007 002 351 333 00011253 0 11  passive_laptop 
000 000 284 330 00011283 0 11  passive_laptop 
000 000 317 317 00011313 0 11  passive_laptop 
047 000 414 282 00011343 0 11  passive_laptop 
208 000 534 270 00011373 0 11  passive_laptop 
447 042 639 281 00011403 0 11  passive_laptop 
298 058 550 289 00011433 0 11  passive_laptop 
013 068 292 316 00011463 0 11  passive_laptop 
016 058 297 308 00011493 0 11  passive_laptop 
000 060 281 310 00011523 0 11  passive_laptop 
000 028 283 294 00011553 0 11  passive_laptop 
000 041 247 327 00011583 0 11  passive_laptop 
349 028 621 272 00011613 0 11  passive_laptop 
502 028 639 295 00011643 0 11  passive_laptop 
414 084 639 301 00011673 0 11  passive_laptop 
407 084 639 301 00011703 0 11  passive_laptop 
243 093 475 310 00011733 1 64  active_laptop 
415 025 639 242 00011763 0 11  passive_laptop 
432 026 639 299 00011793 0 11  passive_laptop 
436 010 639 280 00011823 0 11  passive_laptop 
442 032 639 268 00011853 0 11  passive_laptop 
430 033 639 271 00011883 0 11  passive_laptop 
433 025 639 264 00011913 0 11  passive_laptop 
433 028 639 267 00011943 0 11  passive_laptop 
433 034 639 275 00011973 0 11  passive_laptop 
433 027 639 268 00012003 0 11  passive_laptop 
436 027 639 268 00012033 0 11  passive_laptop 
436 027 639 268 00012063 0 11  passive_laptop 
435 025 639 268 00012093 0 11  passive_laptop 
435 032 638 275 00012123 0 11  passive_laptop 
435 032 638 275 00012153 0 11  passive_laptop 
440 024 639 267 00012183 0 11  passive_laptop 
440 037 639 280 00012213 0 11  passive_laptop 
443 030 639 273 00012243 0 11  passive_laptop 
445 023 639 270 00012273 0 11  passive_laptop 
446 030 639 273 00012303 0 11  passive_laptop 
446 019 639 265 00012333 0 11  passive_laptop 
448 026 639 268 00012363 0 11  passive_laptop 
445 034 638 282 00012393 0 11  passive_laptop 
443 023 639 266 00012423 0 11  passive_laptop 
443 023 639 266 00012453 0 11  passive_laptop 
443 036 639 279 00012483 0 11  passive_laptop 
403 044 566 276 00012513 0 11  passive_laptop 
088 000 350 212 00012543 0 11  passive_laptop 
078 000 360 159 00012573 0 11  passive_laptop 
000 058 248 292 00012603 0 11  passive_laptop 
000 051 130 254 00012633 0 11  passive_laptop 
561 144 593 196 00010923 0 22  passive_mug/cup 
442 106 477 158 00010953 0 22  passive_mug/cup 
380 044 422 113 00010983 0 22  passive_mug/cup 
477 082 529 151 00011013 1 61  active_mug/cup 
353 130 394 196 00011043 1 61  active_mug/cup 
362 170 407 236 00011073 1 61  active_mug/cup 
393 133 452 204 00011103 1 61  active_mug/cup 
391 108 450 176 00011133 1 61  active_mug/cup 
378 109 437 185 00011163 1 61  active_mug/cup 
357 106 416 182 00011193 1 61  active_mug/cup 
348 121 407 197 00011223 1 61  active_mug/cup 
342 120 401 196 00011253 1 61  active_mug/cup 
279 137 335 213 00011283 0 22  passive_mug/cup 
312 131 368 207 00011313 0 22  passive_mug/cup 
406 105 459 181 00011343 1 61  active_mug/cup 
363 022 449 149 00011373 0 22  passive_mug/cup 
320 106 387 204 00011523 1 61  active_mug/cup 
352 151 403 232 00011553 1 61  active_mug/cup 
309 160 373 241 00011583 0 22  passive_mug/cup 
584 133 596 152 00010923 0 27  passive_knife/spoon/fork 
466 091 483 118 00010953 0 27  passive_knife/spoon/fork 
395 020 424 088 00010983 0 27  passive_knife/spoon/fork 
499 085 528 139 00011013 0 27  passive_knife/spoon/fork 
369 112 398 176 00011043 0 27  passive_knife/spoon/fork 
384 151 413 215 00011073 0 27  passive_knife/spoon/fork 
425 132 454 185 00011103 0 27  passive_knife/spoon/fork 
410 086 444 164 00011133 0 27  passive_knife/spoon/fork 
388 093 422 160 00011163 1 50  active_knife/spoon/fork 
377 077 420 124 00011193 1 50  active_knife/spoon/fork 
370 094 433 127 00011223 1 50  active_knife/spoon/fork 
408 132 466 153 00011253 0 27  passive_knife/spoon/fork 
568 166 624 198 00011013 0 36  passive_cell_phone 
446 192 496 222 00011043 0 36  passive_cell_phone 
463 232 515 259 00011073 0 36  passive_cell_phone 
494 204 559 231 00011103 0 36  passive_cell_phone 
487 176 552 203 00011133 0 36  passive_cell_phone 
479 182 544 212 00011163 0 36  passive_cell_phone 
455 178 524 208 00011193 0 36  passive_cell_phone 
446 188 515 217 00011223 0 36  passive_cell_phone 
442 188 511 217 00011253 0 36  passive_cell_phone 
373 200 442 229 00011283 0 36  passive_cell_phone 
406 198 475 227 00011313 0 36  passive_cell_phone 
501 185 570 214 00011343 0 36  passive_cell_phone 
597 217 636 239 00011373 0 36  passive_cell_phone 
361 208 407 226 00011463 0 36  passive_cell_phone 
366 207 412 225 00011493 0 36  passive_cell_phone 
348 208 394 227 00011523 0 36  passive_cell_phone 
390 207 405 220 00011553 0 36  passive_cell_phone 
350 207 370 220 00011583 0 36  passive_cell_phone 
386 075 410 153 00011133 0 3  passive_bottle 
376 079 400 161 00011163 0 3  passive_bottle 
356 080 380 162 00011193 0 3  passive_bottle 
351 093 375 174 00011223 0 3  passive_bottle 
344 094 368 175 00011253 0 3  passive_bottle 
286 113 310 152 00011283 0 3  passive_bottle 
317 103 341 146 00011313 0 3  passive_bottle 
401 074 428 153 00011343 0 3  passive_bottle 
504 109 531 188 00011373 0 3  passive_bottle 
535 166 562 233 00011433 0 3  passive_bottle 
279 143 306 209 00011463 0 3  passive_bottle 
283 141 307 204 00011493 0 3  passive_bottle 
268 144 292 207 00011523 0 3  passive_bottle 
272 127 296 190 00011553 0 3  passive_bottle 
238 133 262 201 00011583 0 3  passive_bottle 
583 151 611 220 00011613 0 3  passive_bottle 
615 189 639 253 00011673 0 3  passive_bottle 
615 189 632 253 00011703 0 3  passive_bottle 
612 173 629 237 00011733 0 3  passive_bottle 
624 144 638 208 00011763 0 3  passive_bottle 
000 094 136 378 00011373 0 11  passive_laptop 
137 104 432 304 00011403 0 11  passive_laptop 
004 130 265 342 00011433 0 11  passive_laptop 
077 103 308 336 00011613 1 64  active_laptop 
264 074 512 341 00011643 1 64  active_laptop 
175 151 456 372 00011673 1 64  active_laptop 
175 152 456 372 00011703 1 64  active_laptop 
436 060 639 280 00011733 0 11  passive_laptop 
175 086 494 315 00011763 1 64  active_laptop 
085 093 527 421 00011793 1 64  active_laptop 
121 074 546 393 00011823 1 64  active_laptop 
175 092 479 327 00011853 1 64  active_laptop 
176 100 480 341 00011883 1 64  active_laptop 
183 089 487 330 00011913 1 64  active_laptop 
183 089 487 330 00011943 1 64  active_laptop 
181 102 485 343 00011973 1 64  active_laptop 
171 090 475 331 00012003 1 64  active_laptop 
165 087 487 328 00012033 1 64  active_laptop 
168 090 490 331 00012063 1 64  active_laptop 
160 084 482 325 00012093 1 64  active_laptop 
159 093 481 334 00012123 1 64  active_laptop 
159 093 481 334 00012153 1 64  active_laptop 
168 082 490 323 00012183 1 64  active_laptop 
173 094 495 335 00012213 1 64  active_laptop 
176 086 498 327 00012243 1 64  active_laptop 
177 082 499 322 00012273 1 64  active_laptop 
183 090 505 330 00012303 1 64  active_laptop 
183 077 505 317 00012333 1 64  active_laptop 
175 084 502 322 00012363 1 64  active_laptop 
175 095 502 333 00012393 1 64  active_laptop 
180 085 507 323 00012423 1 64  active_laptop 
180 082 485 323 00012453 1 64  active_laptop 
181 096 486 337 00012483 1 64  active_laptop 
187 110 470 343 00012513 1 64  active_laptop 
000 088 054 301 00012543 0 11  passive_laptop 
000 055 040 268 00012573 0 11  passive_laptop 
113 301 218 393 00011403 0 25  passive_trash_can 
003 367 108 445 00011433 0 25  passive_trash_can 
050 366 155 457 00011613 0 25  passive_trash_can 
146 360 278 431 00011643 0 25  passive_trash_can 
104 400 173 471 00011673 0 25  passive_trash_can 
104 400 173 471 00011703 0 25  passive_trash_can 
117 352 186 418 00011733 0 25  passive_trash_can 
089 349 167 415 00011763 0 25  passive_trash_can 
117 347 164 413 00011853 0 25  passive_trash_can 
110 367 157 433 00011883 0 25  passive_trash_can 
099 354 158 420 00011913 0 25  passive_trash_can 
099 354 158 420 00011943 0 25  passive_trash_can 
099 362 158 436 00011973 0 25  passive_trash_can 
103 354 159 425 00012003 0 25  passive_trash_can 
105 340 161 419 00012033 0 25  passive_trash_can 
105 340 161 419 00012063 0 25  passive_trash_can 
105 340 155 419 00012093 0 25  passive_trash_can 
105 340 155 424 00012123 0 25  passive_trash_can 
105 340 155 424 00012153 0 25  passive_trash_can 
105 333 160 424 00012183 0 25  passive_trash_can 
105 354 160 426 00012213 0 25  passive_trash_can 
106 342 161 414 00012243 0 25  passive_trash_can 
106 342 161 410 00012273 0 25  passive_trash_can 
116 372 151 413 00012303 0 25  passive_trash_can 
110 325 161 405 00012333 0 25  passive_trash_can 
111 328 168 414 00012363 0 25  passive_trash_can 
111 354 165 419 00012393 0 25  passive_trash_can 
111 345 163 411 00012423 0 25  passive_trash_can 
112 341 164 407 00012453 0 25  passive_trash_can 
116 356 168 422 00012483 0 25  passive_trash_can 
096 374 154 451 00012513 0 25  passive_trash_can 
000 389 088 459 00011613 0 25  passive_trash_can 
098 376 148 437 00011643 0 25  passive_trash_can 
058 441 121 479 00011673 0 25  passive_trash_can 
058 441 121 479 00011703 0 25  passive_trash_can 
078 395 134 454 00011733 0 25  passive_trash_can 
060 380 126 454 00011763 0 25  passive_trash_can 
065 389 131 453 00011853 0 25  passive_trash_can 
061 401 124 465 00011883 0 25  passive_trash_can 
063 388 126 452 00011913 0 25  passive_trash_can 
063 388 126 452 00011943 0 25  passive_trash_can 
063 398 126 462 00011973 0 25  passive_trash_can 
062 390 125 454 00012003 0 25  passive_trash_can 
061 387 127 451 00012033 0 25  passive_trash_can 
061 387 127 451 00012063 0 25  passive_trash_can 
059 375 125 445 00012093 0 25  passive_trash_can 
059 380 125 450 00012123 0 25  passive_trash_can 
059 380 125 450 00012153 0 25  passive_trash_can 
060 372 126 442 00012183 0 25  passive_trash_can 
060 383 126 453 00012213 0 25  passive_trash_can 
063 382 129 444 00012243 0 25  passive_trash_can 
063 382 129 445 00012273 0 25  passive_trash_can 
065 397 131 446 00012303 0 25  passive_trash_can 
065 372 131 440 00012333 0 25  passive_trash_can 
066 370 135 443 00012363 0 25  passive_trash_can 
062 386 131 454 00012393 0 25  passive_trash_can 
063 383 130 451 00012423 0 25  passive_trash_can 
063 382 130 450 00012453 0 25  passive_trash_can 
060 394 127 462 00012483 0 25  passive_trash_can 
036 405 103 473 00012513 0 25  passive_trash_can 
340 086 359 144 00012543 0 3  passive_bottle 
352 023 371 088 00012573 0 3  passive_bottle 
244 138 266 203 00012603 0 3  passive_bottle 
128 112 150 177 00012633 0 3  passive_bottle 
405 116 429 180 00012543 0 22  passive_mug/cup 
419 055 478 126 00012573 1 61  active_mug/cup 
305 161 367 242 00012603 0 22  passive_mug/cup 
197 164 228 177 00012633 0 36  passive_cell_phone 
020 199 055 217 00012663 0 36  passive_cell_phone 
619 166 639 180 00012693 0 18  passive_tea_bag 
449 128 480 148 00012723 0 18  passive_tea_bag 
289 272 332 298 00012753 0 18  passive_tea_bag 
600 150 639 185 00012723 0 40  passive_large_container 
480 212 531 248 00012753 0 40  passive_large_container 
552 171 599 215 00012753 0 15  passive_pitcher 
411 292 465 357 00012771 0 22  passive_mug/cup 
421 286 484 351 00012801 0 22  passive_mug/cup 
602 412 639 475 00012831 0 22  passive_mug/cup 
581 336 639 392 00012861 0 22  passive_mug/cup 
389 247 458 303 00012891 0 22  passive_mug/cup 
553 360 622 424 00012981 0 22  passive_mug/cup 
580 338 639 402 00013011 0 22  passive_mug/cup 
520 254 569 310 00013041 0 22  passive_mug/cup 
021 307 076 380 00013071 0 22  passive_mug/cup 
550 297 603 348 00012771 0 40  passive_large_container 
536 260 589 309 00012801 0 40  passive_large_container 
464 207 527 247 00012891 0 40  passive_large_container 
183 244 266 310 00012921 1 86  active_large_container 
190 241 296 335 00012951 1 86  active_large_container 
262 262 431 395 00012981 1 86  active_large_container 
049 113 148 169 00013011 1 86  active_large_container 
001 123 066 184 00013041 0 40  passive_large_container 
621 246 639 293 00012771 0 15  passive_pitcher 
584 197 630 249 00012801 0 15  passive_pitcher 
497 153 551 201 00012891 0 15  passive_pitcher 
281 140 345 196 00012921 0 15  passive_pitcher 
385 161 469 235 00012951 0 15  passive_pitcher 
595 203 637 244 00013041 0 15  passive_pitcher 
145 137 204 180 00013071 0 15  passive_pitcher 
253 279 302 358 00012771 0 28  passive_food/snack 
230 291 291 393 00012801 1 51  active_food/snack 
235 132 328 269 00012831 1 51  active_food/snack 
129 098 194 203 00012861 0 28  passive_food/snack 
347 049 376 095 00012981 0 28  passive_food/snack 
154 067 202 138 00013011 0 28  passive_food/snack 
051 067 115 170 00013041 0 28  passive_food/snack 
530 000 600 170 00012891 0 8  passive_door 
360 000 443 158 00012921 0 8  passive_door 
497 000 632 221 00012951 0 8  passive_door 
472 212 517 272 00012921 0 25  passive_trash_can 
553 330 619 397 00012951 0 25  passive_trash_can 
362 090 408 108 00012981 0 28  passive_food/snack 
190 139 273 157 00013011 0 28  passive_food/snack 
112 137 205 169 00013041 0 28  passive_food/snack 
516 274 599 358 00013071 0 25  passive_trash_can 
178 227 248 335 00013101 0 25  passive_trash_can 
065 324 176 455 00013131 0 25  passive_trash_can 
034 218 145 377 00013161 0 25  passive_trash_can 
169 316 290 451 00013191 0 25  passive_trash_can 
195 321 299 451 00013221 0 25  passive_trash_can 
545 307 633 399 00013071 0 25  passive_trash_can 
249 221 318 325 00013101 0 25  passive_trash_can 
138 283 253 421 00013131 1 60  active_trash_can 
142 210 257 361 00013161 1 60  active_trash_can 
276 330 384 461 00013191 0 25  passive_trash_can 
297 328 384 450 00013221 0 25  passive_trash_can 
509 116 592 195 00013071 0 11  passive_laptop 
032 080 115 201 00013101 0 11  passive_laptop 
000 067 071 247 00013191 0 11  passive_laptop 
010 105 110 258 00013221 0 11  passive_laptop 
374 133 487 259 00013101 0 11  passive_laptop 
356 182 518 407 00013131 0 11  passive_laptop 
414 281 611 479 00013161 0 11  passive_laptop 
542 424 639 479 00013191 0 11  passive_laptop 
501 303 639 479 00013221 0 11  passive_laptop 
478 077 591 165 00013101 0 11  passive_laptop 
440 064 567 272 00013131 0 11  passive_laptop 
557 166 636 388 00013161 0 11  passive_laptop 
610 181 635 223 00013101 0 3  passive_bottle 
549 170 580 210 00013131 0 3  passive_bottle 
607 280 637 312 00013161 0 3  passive_bottle 
183 156 414 301 00013227 0 17  passive_tap 
183 157 419 310 00013257 1 54  active_tap 
177 133 443 296 00013287 1 54  active_tap 
166 117 446 286 00013317 1 54  active_tap 
158 109 425 278 00013347 1 54  active_tap 
168 091 453 267 00013377 1 54  active_tap 
150 095 435 271 00013407 1 54  active_tap 
171 074 456 252 00013437 1 54  active_tap 
073 042 372 238 00013467 0 17  passive_tap 
172 064 457 245 00013497 1 54  active_tap 
186 062 471 239 00013527 1 54  active_tap 
181 079 466 256 00013557 1 54  active_tap 
189 062 474 241 00013587 1 54  active_tap 
177 052 462 237 00013617 1 54  active_tap 
177 052 462 237 00013647 1 54  active_tap 
197 056 482 241 00013677 1 54  active_tap 
189 047 474 236 00013707 1 54  active_tap 
189 047 474 236 00013737 1 54  active_tap 
196 058 481 239 00013767 1 54  active_tap 
006 290 094 385 00013797 0 17  passive_tap 
244 002 409 154 00013227 0 24  passive_person 
239 002 404 188 00013257 0 24  passive_person 
246 000 407 159 00013287 0 24  passive_person 
248 000 409 145 00013317 0 24  passive_person 
240 000 398 131 00013347 0 24  passive_person 
244 000 402 123 00013377 0 24  passive_person 
244 000 402 123 00013407 0 24  passive_person 
253 001 411 124 00013437 0 24  passive_person 
211 000 386 104 00013467 0 24  passive_person 
256 000 432 084 00013497 0 24  passive_person 
256 000 420 084 00013527 0 24  passive_person 
244 000 408 096 00013557 0 24  passive_person 
276 000 417 094 00013587 0 24  passive_person 
268 004 402 108 00013617 0 24  passive_person 
268 000 402 108 00013647 0 24  passive_person 
283 000 418 111 00013677 0 24  passive_person 
283 000 418 111 00013707 0 24  passive_person 
280 000 405 088 00013737 0 24  passive_person 
280 000 435 119 00013767 0 24  passive_person 
000 192 084 290 00013227 0 17  passive_tap 
000 208 080 302 00013257 0 17  passive_tap 
000 203 073 282 00013287 0 17  passive_tap 
000 198 067 270 00013317 0 17  passive_tap 
000 229 055 272 00013347 0 17  passive_tap 
000 206 062 253 00013377 0 17  passive_tap 
000 211 045 255 00013407 0 17  passive_tap 
000 194 061 238 00013437 0 17  passive_tap 
000 171 069 228 00013497 0 17  passive_tap 
000 157 079 230 00013527 0 17  passive_tap 
000 196 070 257 00013557 0 17  passive_tap 
000 155 075 219 00013587 0 17  passive_tap 
000 161 062 219 00013617 0 17  passive_tap 
000 165 065 223 00013647 0 17  passive_tap 
000 135 078 213 00013677 0 17  passive_tap 
000 139 072 213 00013707 0 17  passive_tap 
000 139 077 213 00013737 0 17  passive_tap 
001 123 090 226 00013767 0 17  passive_tap 
417 295 472 341 00013227 0 16  passive_soap_liquid 
435 303 491 354 00013257 0 16  passive_soap_liquid 
444 293 500 352 00013287 0 16  passive_soap_liquid 
446 283 502 342 00013317 0 16  passive_soap_liquid 
442 271 486 310 00013347 0 16  passive_soap_liquid 
448 268 504 322 00013377 0 16  passive_soap_liquid 
422 273 484 327 00013407 0 16  passive_soap_liquid 
450 258 508 312 00013437 0 16  passive_soap_liquid 
368 233 437 292 00013467 1 63  active_soap_liquid 
443 245 509 293 00013497 0 16  passive_soap_liquid 
457 239 515 282 00013527 0 16  passive_soap_liquid 
452 253 510 301 00013557 0 16  passive_soap_liquid 
464 249 522 290 00013587 0 16  passive_soap_liquid 
455 244 513 285 00013617 0 16  passive_soap_liquid 
448 245 506 286 00013647 0 16  passive_soap_liquid 
472 250 525 287 00013677 0 16  passive_soap_liquid 
461 248 519 291 00013707 0 16  passive_soap_liquid 
480 242 522 272 00013737 0 16  passive_soap_liquid 
463 245 519 282 00013767 0 16  passive_soap_liquid 
101 249 173 301 00013797 0 16  passive_soap_liquid 
043 287 140 326 00013227 0 16  passive_soap_liquid 
035 305 137 344 00013257 0 16  passive_soap_liquid 
025 288 131 327 00013287 0 16  passive_soap_liquid 
019 273 125 312 00013317 0 16  passive_soap_liquid 
008 274 111 313 00013347 0 16  passive_soap_liquid 
013 257 122 296 00013377 0 16  passive_soap_liquid 
000 256 103 295 00013407 0 16  passive_soap_liquid 
013 240 120 279 00013437 0 16  passive_soap_liquid 
000 248 044 292 00013467 0 16  passive_soap_liquid 
021 230 126 269 00013497 0 16  passive_soap_liquid 
036 230 141 269 00013527 0 16  passive_soap_liquid 
022 257 131 296 00013557 0 16  passive_soap_liquid 
028 221 137 260 00013587 0 16  passive_soap_liquid 
012 222 121 261 00013617 0 16  passive_soap_liquid 
016 224 125 263 00013647 0 16  passive_soap_liquid 
031 215 140 257 00013677 0 16  passive_soap_liquid 
025 215 134 257 00013707 0 16  passive_soap_liquid 
025 212 140 254 00013737 0 16  passive_soap_liquid 
042 222 150 264 00013767 0 16  passive_soap_liquid 
058 196 194 356 00013827 0 25  passive_trash_can 
000 175 158 359 00013857 0 25  passive_trash_can 
000 175 133 366 00013887 0 25  passive_trash_can 
000 204 042 277 00013917 0 25  passive_trash_can 
000 149 155 333 00013947 0 25  passive_trash_can 
209 155 364 366 00013977 0 25  passive_trash_can 
250 267 422 464 00014007 1 60  active_trash_can 
195 246 430 479 00014037 1 60  active_trash_can 
272 254 493 475 00014067 1 60  active_trash_can 
233 230 469 477 00014097 1 60  active_trash_can 
522 429 589 478 00014127 0 25  passive_trash_can 
208 266 320 329 00013887 1 66  active_towel 
150 231 273 313 00013917 1 66  active_towel 
277 250 421 467 00013947 0 31  passive_towel 
144 001 297 333 00014127 0 8  passive_door 
308 000 613 392 00014157 1 65  active_door 
248 000 553 434 00014187 1 65  active_door 
348 000 639 479 00014217 1 65  active_door 
355 000 639 479 00014247 1 65  active_door 
147 022 182 116 00014217 0 8  passive_door 
063 055 102 152 00014247 0 8  passive_door 
068 001 118 194 00014217 0 8  passive_door 
000 163 039 262 00014247 0 8  passive_door 
265 218 348 364 00014265 1 69  active_cell_phone 
271 208 358 354 00014295 1 69  active_cell_phone 
273 212 360 358 00014325 1 69  active_cell_phone 
273 203 360 349 00014355 1 69  active_cell_phone 
274 206 353 352 00014385 1 69  active_cell_phone 
275 214 363 360 00014415 1 69  active_cell_phone 
269 206 357 352 00014445 1 69  active_cell_phone 
272 212 357 358 00014475 1 69  active_cell_phone 
272 212 357 358 00014505 1 69  active_cell_phone 
271 205 356 351 00014535 1 69  active_cell_phone 
269 208 354 354 00014565 1 69  active_cell_phone 
242 172 348 317 00014595 1 69  active_cell_phone 
250 207 337 339 00014625 1 69  active_cell_phone 
224 214 303 346 00014655 1 69  active_cell_phone 
149 112 174 164 00014265 0 3  passive_bottle 
147 100 172 156 00014295 0 3  passive_bottle 
151 101 176 157 00014325 0 3  passive_bottle 
146 100 171 156 00014355 0 3  passive_bottle 
146 100 171 156 00014385 0 3  passive_bottle 
148 102 173 158 00014415 0 3  passive_bottle 
146 096 171 152 00014445 0 3  passive_bottle 
146 099 171 155 00014475 0 3  passive_bottle 
142 101 167 157 00014505 0 3  passive_bottle 
147 096 172 152 00014535 0 3  passive_bottle 
146 100 171 156 00014565 0 3  passive_bottle 
147 106 172 162 00014595 0 3  passive_bottle 
122 110 147 166 00014625 0 3  passive_bottle 
116 114 141 170 00014655 0 3  passive_bottle 
560 315 618 373 00014265 0 22  passive_mug/cup 
566 299 624 357 00014295 0 22  passive_mug/cup 
567 308 625 366 00014325 0 22  passive_mug/cup 
567 301 625 359 00014355 0 22  passive_mug/cup 
567 301 625 359 00014385 0 22  passive_mug/cup 
566 305 624 363 00014415 0 22  passive_mug/cup 
562 299 620 357 00014445 0 22  passive_mug/cup 
565 301 623 359 00014475 0 22  passive_mug/cup 
565 301 623 359 00014505 0 22  passive_mug/cup 
565 301 623 359 00014535 0 22  passive_mug/cup 
565 302 623 360 00014565 0 22  passive_mug/cup 
548 310 573 344 00014625 0 22  passive_mug/cup 
543 298 573 344 00014655 0 22  passive_mug/cup 
215 104 634 477 00014685 0 24  passive_person 
215 107 638 476 00014715 0 24  passive_person 
208 097 637 476 00014745 0 24  passive_person 
